2.0000000000e-01 1.4901161194e-09 2.1141584000e-01 4.0000382478e-04
2.0500000000e-01 1.6660004687e-09 2.1966653000e-01 3.6242735963e-04
2.1000000000e-01 1.2904784140e-09 2.2851194000e-01 2.6836994884e-04
2.1500000000e-01 1.0536712128e-09 2.3642261000e-01 2.5029884996e-04
2.2000000000e-01 1.0536712128e-09 2.4653720000e-01 4.7145114784e-04
2.2500000000e-01 0.0000000000e+00 2.5650365000e-01 4.3383473817e-04
2.3000000000e-01 1.0536712128e-09 2.6599581000e-01 5.3195251149e-04
2.3500000000e-01 1.0536712128e-09 2.7696408000e-01 3.1160191456e-04
2.4000000000e-01 1.4901161194e-09 2.8682659000e-01 4.9096827137e-04
2.4500000000e-01 1.8250120750e-09 2.9758342000e-01 5.5607349313e-04
2.5000000000e-01 0.0000000000e+00 3.0820186000e-01 4.4447818623e-04
2.5500000000e-01 1.8250120750e-09 3.1944707000e-01 6.4602382000e-04
2.6000000000e-01 1.4901161194e-09 3.3066969000e-01 5.8634216639e-04
2.6500000000e-01 2.3560804577e-09 3.4012230000e-01 4.2053925311e-04
2.7000000000e-01 1.0536712128e-09 3.5147189000e-01 5.6776936998e-04
2.7500000000e-01 2.1073424255e-09 3.5988334000e-01 4.0417409125e-04
2.8000000000e-01 1.8250120750e-09 3.6922144000e-01 4.9807868780e-04
2.8500000000e-01 1.0536712128e-09 3.7700680000e-01 8.5635540589e-04
2.9000000000e-01 1.4901161194e-09 3.8372318000e-01 5.8906690923e-04
2.9500000000e-01 1.4901161194e-09 3.9069622000e-01 3.5974378544e-04
3.0000000000e-01 0.0000000000e+00 3.9454331000e-01 3.7785877215e-04
3.0500000000e-01 1.0536712128e-09 3.9983352000e-01 3.5479283640e-04
3.1000000000e-01 1.4901161194e-09 4.0347883000e-01 5.8690229256e-04
3.1500000000e-01 1.0536712128e-09 4.0549374000e-01 6.4388899263e-04
3.2000000000e-01 2.1073424255e-09 4.0655336000e-01 4.9460475660e-04
3.2500000000e-01 2.1073424255e-09 4.0598152000e-01 4.4377108531e-04
3.3000000000e-01 0.0000000000e+00 4.0623442000e-01 5.6193929277e-04
3.3500000000e-01 1.4901161194e-09 4.0540241000e-01 5.6657710252e-04
3.4000000000e-01 2.1073424255e-09 4.0529324000e-01 4.2959773980e-04
3.4500000000e-01 1.4901161194e-09 4.0539378000e-01 2.7398018243e-04
3.5000000000e-01 2.1073424255e-09 4.0377654000e-01 4.5485201752e-04
3.5500000000e-01 2.1073424255e-09 4.0179178000e-01 6.8617055588e-04
3.6000000000e-01 1.4901161194e-09 4.0147832000e-01 6.4619219290e-04
3.6500000000e-01 2.9802322388e-09 4.0033413000e-01 5.1342783798e-04
3.7000000000e-01 2.1073424255e-09 3.9999114000e-01 6.3724386167e-04
3.7500000000e-01 0.0000000000e+00 3.9866067000e-01 3.5601536598e-04
3.8000000000e-01 2.5809568280e-09 3.9846627000e-01 6.0277056980e-04
3.8500000000e-01 2.1073424255e-09 3.9983248000e-01 5.8360208941e-04
3.9000000000e-01 2.5809568280e-09 3.9984062000e-01 4.0546157248e-04
3.9500000000e-01 2.1073424255e-09 4.0116647000e-01 5.5857017035e-04
4.0000000000e-01 2.9802322388e-09 4.0218229000e-01 6.9172430440e-04
4.0500000000e-01 2.5809568280e-09 4.0439473000e-01 3.9033902779e-04
4.1000000000e-01 3.3320009373e-09 4.0805750000e-01 5.0943090248e-04
4.1500000000e-01 2.5809568280e-09 4.1191280000e-01 7.8364445216e-04
4.2000000000e-01 2.5809568280e-09 4.1417948000e-01 8.0728633109e-04
4.2500000000e-01 2.9802322388e-09 4.1811325000e-01 5.0297810851e-04
4.3000000000e-01 2.1073424255e-09 4.2173406000e-01 4.6013386035e-04
4.3500000000e-01 2.1073424255e-09 4.2751813000e-01 6.1902258506e-04
4.4000000000e-01 2.1073424255e-09 4.3242985000e-01 5.6216220440e-04
4.4500000000e-01 2.1073424255e-09 4.3897095000e-01 6.3180025312e-04
4.5000000000e-01 0.0000000000e+00 4.4544614000e-01 7.8489370353e-04
4.5500000000e-01 2.1073424255e-09 4.5257622000e-01 5.4454245580e-04
4.6000000000e-01 2.1073424255e-09 4.6058606000e-01 6.1478015879e-04
4.6500000000e-01 3.6500241500e-09 4.6691375000e-01 6.6017355434e-04
4.7000000000e-01 2.1073424255e-09 4.7513472000e-01 7.0569758094e-04
4.7500000000e-01 0.0000000000e+00 4.8411096000e-01 7.4079298893e-04
4.8000000000e-01 2.9802322388e-09 4.9219469000e-01 8.0346231056e-04
4.8500000000e-01 0.0000000000e+00 5.0236418000e-01 7.4614352986e-04
4.9000000000e-01 3.6500241500e-09 5.1197775000e-01 5.5648713252e-04
4.9500000000e-01 0.0000000000e+00 5.2358718000e-01 8.8598475967e-04
5.0000000000e-01 0.0000000000e+00 5.3390213000e-01 9.0489134553e-04
5.0500000000e-01 0.0000000000e+00 5.4545354000e-01 1.0294570886e-03
5.1000000000e-01 3.6500241500e-09 5.5756115000e-01 7.9510625608e-04
5.1500000000e-01 2.1073424255e-09 5.7007025000e-01 6.9202674908e-04
5.2000000000e-01 2.9802322388e-09 5.8224908000e-01 6.6005786955e-04
5.2500000000e-01 3.6500241500e-09 5.9635282000e-01 7.5529589988e-04
5.3000000000e-01 4.7121609154e-09 6.0744494000e-01 7.1270366552e-04
5.3500000000e-01 2.1073424255e-09 6.2095511000e-01 1.1085785721e-03
5.4000000000e-01 2.1073424255e-09 6.3696204000e-01 7.5873693559e-04
5.4500000000e-01 2.1073424255e-09 6.5246027000e-01 6.0213347940e-04
5.5000000000e-01 4.2146848511e-09 6.6752725000e-01 7.7925792460e-04
5.5500000000e-01 2.9802322388e-09 6.8206174000e-01 8.9302568006e-04
5.6000000000e-01 3.6500241500e-09 6.9952542000e-01 4.8633492180e-04
5.6500000000e-01 2.1073424255e-09 7.1759365000e-01 1.0698518177e-03
5.7000000000e-01 2.1073424255e-09 7.3410769000e-01 1.4238057531e-03
5.7500000000e-01 3.6500241500e-09 7.5349013000e-01 1.3013017921e-03
5.8000000000e-01 2.9802322388e-09 7.7267133000e-01 8.9732037724e-04
5.8500000000e-01 0.0000000000e+00 7.9024857000e-01 1.0149397078e-03
5.9000000000e-01 2.9802322388e-09 8.0800228000e-01 1.0776164253e-03
5.9500000000e-01 4.2146848511e-09 8.2723457000e-01 8.3805963010e-04
6.0000000000e-01 0.0000000000e+00 8.4521304000e-01 1.3273497406e-03
6.0500000000e-01 2.1073424255e-09 8.6357678000e-01 1.2947082705e-03
6.1000000000e-01 2.1073424255e-09 8.8406355000e-01 1.0140974716e-03
6.1500000000e-01 3.6500241500e-09 9.0369589000e-01 1.0929376934e-03
6.2000000000e-01 2.9802322388e-09 9.2265097000e-01 8.4537022754e-04
6.2500000000e-01 0.0000000000e+00 9.4322708000e-01 7.1784846992e-04
6.3000000000e-01 2.1073424255e-09 9.6166757000e-01 9.9519923564e-04
6.3500000000e-01 4.2146848511e-09 9.7591887000e-01 1.4253502099e-03
6.4000000000e-01 4.2146848511e-09 9.9225381000e-01 1.4899634189e-03
6.4500000000e-01 0.0000000000e+00 1.0084634000e+00 1.3354551299e-03
6.5000000000e-01 4.2146848511e-09 1.0219534000e+00 1.1074027470e-03
6.5500000000e-01 2.9802322388e-09 1.0336183000e+00 1.2403761772e-03
6.6000000000e-01 0.0000000000e+00 1.0443772000e+00 9.8275864589e-04
6.6500000000e-01 0.0000000000e+00 1.0548851000e+00 1.1266121467e-03
6.7000000000e-01 2.9802322388e-09 1.0608650000e+00 9.2389826280e-04
6.7500000000e-01 4.2146848511e-09 1.0668159000e+00 1.0945519216e-03
6.8000000000e-01 4.2146848511e-09 1.0694628000e+00 1.4667954990e-03
6.8500000000e-01 4.2146848511e-09 1.0708545000e+00 1.2738237731e-03
6.9000000000e-01 2.9802322388e-09 1.0687032000e+00 1.3663303320e-03
6.9500000000e-01 4.2146848511e-09 1.0659291000e+00 1.1137078921e-03
7.0000000000e-01 4.2146848511e-09 1.0614963000e+00 1.2219211681e-03
7.0500000000e-01 2.9802322388e-09 1.0552096000e+00 9.7379294718e-04
7.1000000000e-01 4.2146848511e-09 1.0448398000e+00 1.2170519364e-03
7.1500000000e-01 2.9802322388e-09 1.0366435000e+00 9.8707443741e-04
7.2000000000e-01 2.9802322388e-09 1.0241377000e+00 9.6498433200e-04
7.2500000000e-01 4.2146848511e-09 1.0134652000e+00 1.3006882547e-03
7.3000000000e-01 5.9604644775e-09 9.9793920000e-01 1.3292071541e-03
7.3500000000e-01 5.9604644775e-09 9.8312217000e-01 1.5443047579e-03
7.4000000000e-01 4.2146848511e-09 9.6812730000e-01 9.1666635207e-04
7.4500000000e-01 2.9802322388e-09 9.4984776000e-01 8.9167744797e-04
7.5000000000e-01 0.0000000000e+00 9.3220973000e-01 1.2751556878e-03
7.5500000000e-01 4.2146848511e-09 9.1567415000e-01 1.3144868935e-03
7.6000000000e-01 5.1619136559e-09 8.9701969000e-01 1.2346190275e-03
7.6500000000e-01 5.1619136559e-09 8.7809826000e-01 1.0611502476e-03
7.7000000000e-01 4.2146848511e-09 8.6037678000e-01 1.2617535197e-03
7.7500000000e-01 5.1619136559e-09 8.4173383000e-01 6.5019478359e-04
7.8000000000e-01 5.1619136559e-09 8.2306634000e-01 1.3599833570e-03
7.8500000000e-01 2.9802322388e-09 8.0798999000e-01 9.5029270905e-04
7.9000000000e-01 4.2146848511e-09 7.8916289000e-01 1.4028768271e-03
7.9500000000e-01 4.2146848511e-09 7.7296786000e-01 1.1939105784e-03
8.0000000000e-01 5.9604644775e-09 7.5631389000e-01 1.2241594265e-03
8.0500000000e-01 5.9604644775e-09 7.4159354000e-01 1.1489625332e-03
8.1000000000e-01 5.1619136559e-09 7.2429508000e-01 1.1331293636e-03
8.1500000000e-01 7.3000483000e-09 7.0941918000e-01 9.3478008491e-04
8.2000000000e-01 6.6640018746e-09 6.9379639000e-01 7.8947896037e-04
8.2500000000e-01 2.9802322388e-09 6.7933691000e-01 8.3996334367e-04
8.3000000000e-01 5.1619136559e-09 6.6602558000e-01 4.9409472387e-04
8.3500000000e-01 2.9802322388e-09 6.5275948000e-01 6.3209372847e-04
8.4000000000e-01 5.1619136559e-09 6.4112873000e-01 6.5900986185e-04
8.4500000000e-01 2.9802322388e-09 6.2691220000e-01 7.9452755798e-04
8.5000000000e-01 5.9604644775e-09 6.1461914000e-01 7.6694645526e-04
8.5500000000e-01 7.8849533530e-09 6.0329424000e-01 8.4128811275e-04
8.6000000000e-01 4.2146848511e-09 5.9107184000e-01 5.5098787957e-04
8.6500000000e-01 4.2146848511e-09 5.7973640000e-01 8.5325923071e-04
8.7000000000e-01 4.2146848511e-09 5.6846741000e-01 8.8279091970e-04
8.7500000000e-01 0.0000000000e+00 5.5821940000e-01 1.0598078334e-03
8.8000000000e-01 4.2146848511e-09 5.4841359000e-01 1.1418647130e-03
8.8500000000e-01 0.0000000000e+00 5.3820272000e-01 8.8301217883e-04
8.9000000000e-01 4.2146848511e-09 5.2841162000e-01 9.2533489276e-04
8.9500000000e-01 5.9604644775e-09 5.1989856000e-01 7.8745395741e-04
9.0000000000e-01 0.0000000000e+00 5.1071661000e-01 6.5783117340e-04
9.0500000000e-01 4.2146848511e-09 5.0216510000e-01 6.3103978733e-04
9.1000000000e-01 4.2146848511e-09 4.9342125000e-01 9.1007007623e-04
9.1500000000e-01 5.9604644775e-09 4.8672798000e-01 4.6243223391e-04
9.2000000000e-01 4.2146848511e-09 4.7884593000e-01 7.3002084684e-04
9.2500000000e-01 0.0000000000e+00 4.7022153000e-01 5.2076006971e-04
9.3000000000e-01 7.3000483000e-09 4.6276701000e-01 7.3493270555e-04
9.3500000000e-01 5.9604644775e-09 4.5528587000e-01 3.6152553936e-04
9.4000000000e-01 4.2146848511e-09 4.4856038000e-01 5.8848452159e-04
9.4500000000e-01 5.9604644775e-09 4.4167962000e-01 4.7716765477e-04
9.5000000000e-01 0.0000000000e+00 4.3552165000e-01 4.9895739883e-04
9.5500000000e-01 4.2146848511e-09 4.2901718000e-01 6.6379270361e-04
9.6000000000e-01 5.9604644775e-09 4.2236561000e-01 7.9147471096e-04
9.6500000000e-01 5.9604644775e-09 4.1587205000e-01 6.9991961485e-04
9.7000000000e-01 0.0000000000e+00 4.0998429000e-01 7.2132131764e-04
9.7500000000e-01 4.2146848511e-09 4.0481509000e-01 5.0909920044e-04
9.8000000000e-01 7.3000483000e-09 3.9907761000e-01 6.7776980509e-04
9.8500000000e-01 0.0000000000e+00 3.9256293000e-01 7.8677902426e-04
9.9000000000e-01 0.0000000000e+00 3.8846312000e-01 2.3846583143e-04
9.9500000000e-01 4.2146848511e-09 3.8312078000e-01 5.4698065684e-04
1.0000000000e+00 0.0000000000e+00 3.7801793000e-01 5.9444917193e-04
