2.0000000000e-01 1.4901161194e-09 2.1083354000e-01 1.5728402284e-04
2.0250000000e-01 1.2904784140e-09 2.1466357000e-01 2.1842755964e-04
2.0500000000e-01 1.6660004687e-09 2.1958006000e-01 2.8825661387e-04
2.0750000000e-01 1.2904784140e-09 2.2357760000e-01 3.6051543989e-04
2.1000000000e-01 1.2904784140e-09 2.2734174000e-01 3.7720028690e-04
2.1250000000e-01 1.4901161194e-09 2.3253502000e-01 4.7684513897e-04
2.1500000000e-01 1.0536712128e-09 2.3702426000e-01 2.8329971840e-04
2.1750000000e-01 1.0536712128e-09 2.4201818000e-01 2.8162498781e-04
2.2000000000e-01 1.0536712128e-09 2.4616898000e-01 3.8717401767e-04
2.2250000000e-01 1.0536712128e-09 2.5141375000e-01 4.4847662665e-04
2.2500000000e-01 0.0000000000e+00 2.5642668000e-01 3.4221117101e-04
2.2750000000e-01 1.0536712128e-09 2.6174349000e-01 3.3025657887e-04
2.3000000000e-01 1.0536712128e-09 2.6619657000e-01 3.0934670196e-04
2.3250000000e-01 1.8250120750e-09 2.7214977000e-01 2.6815322824e-04
2.3500000000e-01 1.0536712128e-09 2.7742210000e-01 2.0736091772e-04
2.3750000000e-01 0.0000000000e+00 2.8279522000e-01 2.9551280710e-04
2.4000000000e-01 1.4901161194e-09 2.8794074000e-01 3.1789332902e-04
2.4250000000e-01 0.0000000000e+00 2.9357090000e-01 1.3876904914e-04
2.4500000000e-01 1.8250120750e-09 2.9915886000e-01 5.1633017018e-04
2.4750000000e-01 0.0000000000e+00 3.0560195000e-01 3.4962029468e-04
2.5000000000e-01 0.0000000000e+00 3.1133701000e-01 4.9295436999e-04
2.5250000000e-01 0.0000000000e+00 3.1745703000e-01 5.6212250516e-04
2.5500000000e-01 1.8250120750e-09 3.2333585000e-01 5.3292553894e-04
2.5750000000e-01 1.0536712128e-09 3.2867462000e-01 3.5330251933e-04
2.6000000000e-01 1.4901161194e-09 3.3480677000e-01 6.2015579624e-04
2.6250000000e-01 1.8250120750e-09 3.4198998000e-01 5.0142331055e-04
2.6500000000e-01 2.3560804577e-09 3.4721148000e-01 5.6087461786e-04
2.6750000000e-01 1.0536712128e-09 3.5476893000e-01 5.6575387688e-04
2.7000000000e-01 1.0536712128e-09 3.5981355000e-01 3.8187395099e-04
2.7250000000e-01 1.0536712128e-09 3.6595951000e-01 4.2170027922e-04
2.7500000000e-01 2.1073424255e-09 3.7307829000e-01 4.4775875390e-04
2.7750000000e-01 1.4901161194e-09 3.7794194000e-01 5.4208170606e-04
2.8000000000e-01 1.8250120750e-09 3.8440129000e-01 4.9999321784e-04
2.8250000000e-01 1.0536712128e-09 3.9074727000e-01 5.5959745086e-04
2.8500000000e-01 1.0536712128e-09 3.9646480000e-01 6.2158171803e-04
2.8750000000e-01 1.8250120750e-09 4.0153624000e-01 5.5084402424e-04
2.9000000000e-01 1.4901161194e-09 4.0896222000e-01 5.3586320359e-04
2.9250000000e-01 0.0000000000e+00 4.1337286000e-01 5.9631880504e-04
2.9500000000e-01 1.4901161194e-09 4.1785575000e-01 6.8720469647e-04
2.9750000000e-01 2.1073424255e-09 4.2390621000e-01 6.6654895145e-04
3.0000000000e-01 0.0000000000e+00 4.2847551000e-01 5.0453887114e-04
3.0250000000e-01 1.0536712128e-09 4.3386739000e-01 6.3949525525e-04
3.0500000000e-01 1.0536712128e-09 4.3759079000e-01 7.1439372442e-04
3.0750000000e-01 1.8250120750e-09 4.4197221000e-01 5.3643846757e-04
3.1000000000e-01 1.4901161194e-09 4.4464076000e-01 6.1661459717e-04
3.1250000000e-01 0.0000000000e+00 4.4833728000e-01 6.9499754990e-04
3.1500000000e-01 1.0536712128e-09 4.5119512000e-01 5.3254739165e-04
3.1750000000e-01 2.1073424255e-09 4.5233526000e-01 7.1596464691e-04
3.2000000000e-01 2.1073424255e-09 4.5464359000e-01 6.6660478762e-04
3.2250000000e-01 0.0000000000e+00 4.5489603000e-01 3.1142837862e-04
3.2500000000e-01 2.1073424255e-09 4.5445919000e-01 8.3465332306e-04
3.2750000000e-01 1.4901161194e-09 4.5433446000e-01 6.4017247804e-04
3.3000000000e-01 0.0000000000e+00 4.5264264000e-01 7.6645721880e-04
3.3250000000e-01 0.0000000000e+00 4.5049209000e-01 7.3143315422e-04
3.3500000000e-01 1.4901161194e-09 4.4634901000e-01 1.0185043844e-03
3.3750000000e-01 2.1073424255e-09 4.4380477000e-01 4.1517106548e-04
3.4000000000e-01 2.1073424255e-09 4.3889385000e-01 7.0465684432e-04
3.4250000000e-01 2.1073424255e-09 4.3382108000e-01 6.5631003478e-04
3.4500000000e-01 1.4901161194e-09 4.2926694000e-01 6.5873051550e-04
3.4750000000e-01 2.1073424255e-09 4.2560727000e-01 8.7519158315e-04
3.5000000000e-01 2.1073424255e-09 4.2089059000e-01 9.3213079945e-04
3.5250000000e-01 1.4901161194e-09 4.1603717000e-01 6.5111371696e-04
3.5500000000e-01 2.1073424255e-09 4.1296419000e-01 5.6409174386e-04
3.5750000000e-01 1.4901161194e-09 4.0911261000e-01 3.4031547348e-04
3.6000000000e-01 1.4901161194e-09 4.0549029000e-01 3.9983275814e-04
3.6250000000e-01 2.1073424255e-09 4.0224825000e-01 4.1453446160e-04
3.6500000000e-01 2.9802322388e-09 4.0042010000e-01 6.6590508107e-04
3.6750000000e-01 2.9802322388e-09 3.9838338000e-01 5.5839978184e-04
3.7000000000e-01 2.1073424255e-09 3.9632710000e-01 7.1537551482e-04
3.7250000000e-01 1.4901161194e-09 3.9475697000e-01 6.9127118645e-04
3.7500000000e-01 0.0000000000e+00 3.9421101000e-01 4.6869187969e-04
3.7750000000e-01 2.1073424255e-09 3.9438727000e-01 5.3589560439e-04
3.8000000000e-01 2.5809568280e-09 3.9247129000e-01 4.6110849015e-04
3.8250000000e-01 2.5809568280e-09 3.9219795000e-01 5.8068999221e-04
3.8500000000e-01 2.1073424255e-09 3.9214407000e-01 6.7489630686e-04
3.8750000000e-01 2.5809568280e-09 3.9276782000e-01 6.3199434440e-04
3.9000000000e-01 2.5809568280e-09 3.9237616000e-01 4.4683680515e-04
3.9250000000e-01 1.4901161194e-09 3.9273524000e-01 5.8235042512e-04
3.9500000000e-01 2.1073424255e-09 3.9475663000e-01 5.3128905335e-04
3.9750000000e-01 2.1073424255e-09 3.9397974000e-01 2.6300789730e-04
4.0000000000e-01 2.9802322388e-09 3.9569319000e-01 8.2386690654e-04
4.0250000000e-01 2.9802322388e-09 3.9845043000e-01 6.0475235131e-04
4.0500000000e-01 2.5809568280e-09 3.9768175000e-01 5.2682586824e-04
4.0750000000e-01 3.6500241500e-09 4.0143853000e-01 4.0395037939e-04
4.1000000000e-01 3.3320009373e-09 4.0291306000e-01 5.6359647235e-04
4.1250000000e-01 1.4901161194e-09 4.0428835000e-01 7.5443314233e-04
4.1500000000e-01 2.5809568280e-09 4.0673415000e-01 5.0232808407e-04
4.1750000000e-01 1.4901161194e-09 4.1003120000e-01 5.4317946593e-04
4.2000000000e-01 2.5809568280e-09 4.1014441000e-01 5.3644412467e-04
4.2250000000e-01 1.4901161194e-09 4.1331470000e-01 8.2519892899e-04
4.2500000000e-01 2.9802322388e-09 4.1591359000e-01 7.8828003482e-04
4.2750000000e-01 3.9424766765e-09 4.1899364000e-01 3.0547976241e-04
4.3000000000e-01 2.1073424255e-09 4.2219425000e-01 5.0469134791e-04
4.3250000000e-01 2.1073424255e-09 4.2534110000e-01 5.9739242261e-04
4.3500000000e-01 2.1073424255e-09 4.2847317000e-01 5.1235312160e-04
4.3750000000e-01 0.0000000000e+00 4.3198706000e-01 4.7429568061e-04
4.4000000000e-01 2.1073424255e-09 4.3486221000e-01 6.2191816993e-04
4.4250000000e-01 0.0000000000e+00 4.3782594000e-01 6.2719125635e-04
4.4500000000e-01 2.1073424255e-09 4.4310684000e-01 6.8601393750e-04
4.4750000000e-01 2.9802322388e-09 4.4527526000e-01 7.1659524617e-04
4.5000000000e-01 0.0000000000e+00 4.5035461000e-01 4.5586004989e-04
4.5250000000e-01 2.1073424255e-09 4.5456813000e-01 3.7038727112e-04
4.5500000000e-01 2.1073424255e-09 4.5797823000e-01 7.8952346793e-04
4.5750000000e-01 2.9802322388e-09 4.6303595000e-01 7.4693246352e-04
4.6000000000e-01 2.1073424255e-09 4.6774962000e-01 3.5541829070e-04
4.6250000000e-01 0.0000000000e+00 4.7132581000e-01 7.0312484460e-04
4.6500000000e-01 3.6500241500e-09 4.7498460000e-01 5.2408352617e-04
4.6750000000e-01 2.9802322388e-09 4.8014178000e-01 7.4182104457e-04
4.7000000000e-01 2.1073424255e-09 4.8601561000e-01 7.2109581339e-04
4.7250000000e-01 2.9802322388e-09 4.9027854000e-01 7.9304633209e-04
4.7500000000e-01 0.0000000000e+00 4.9656962000e-01 5.1078820890e-04
4.7750000000e-01 2.1073424255e-09 5.0099843000e-01 4.7501711634e-04
4.8000000000e-01 2.9802322388e-09 5.0750738000e-01 8.5200582742e-04
4.8250000000e-01 2.9802322388e-09 5.1162962000e-01 8.4062126583e-04
4.8500000000e-01 0.0000000000e+00 5.1897631000e-01 6.4240828816e-04
4.8750000000e-01 2.1073424255e-09 5.2502157000e-01 4.8442644086e-04
4.9000000000e-01 3.6500241500e-09 5.3106063000e-01 7.8527502584e-04
4.9250000000e-01 0.0000000000e+00 5.3585248000e-01 6.7483317609e-04
4.9500000000e-01 0.0000000000e+00 5.4342782000e-01 6.2448845911e-04
4.9750000000e-01 2.1073424255e-09 5.5057250000e-01 9.9323283363e-04
5.0000000000e-01 0.0000000000e+00 5.5564525000e-01 7.3935578502e-04
5.0250000000e-01 2.1073424255e-09 5.6266713000e-01 7.6154496125e-04
5.0500000000e-01 0.0000000000e+00 5.7129641000e-01 1.1496401985e-03
5.0750000000e-01 2.9802322388e-09 5.7880426000e-01 9.4275711848e-04
5.1000000000e-01 3.6500241500e-09 5.8770681000e-01 5.9858667951e-04
5.1250000000e-01 3.6500241500e-09 5.9584336000e-01 1.1127725366e-03
5.1500000000e-01 2.1073424255e-09 6.0222261000e-01 7.8456405901e-04
5.1750000000e-01 0.0000000000e+00 6.1028382000e-01 5.8490848391e-04
5.2000000000e-01 2.9802322388e-09 6.1798018000e-01 1.0009928235e-03
5.2250000000e-01 2.1073424255e-09 6.2814101000e-01 8.4686407439e-04
5.2500000000e-01 3.6500241500e-09 6.3616408000e-01 9.0569871887e-04
5.2750000000e-01 2.9802322388e-09 6.4860451000e-01 7.4630482264e-04
5.3000000000e-01 4.7121609154e-09 6.5494873000e-01 8.9425330360e-04
5.3250000000e-01 4.2146848511e-09 6.6598097000e-01 1.5767393585e-03
5.3500000000e-01 2.1073424255e-09 6.7497959000e-01 7.2479905856e-04
5.3750000000e-01 3.6500241500e-09 6.8644682000e-01 1.0023678510e-03
5.4000000000e-01 2.1073424255e-09 6.9867575000e-01 9.1310149242e-04
5.4250000000e-01 2.9802322388e-09 7.1125716000e-01 1.1768655925e-03
5.4500000000e-01 2.1073424255e-09 7.2149889000e-01 7.3317568691e-04
5.4750000000e-01 0.0000000000e+00 7.3467839000e-01 1.1146586267e-03
5.5000000000e-01 4.2146848511e-09 7.4858394000e-01 1.1798331079e-03
5.5250000000e-01 2.9802322388e-09 7.6243359000e-01 1.1444696900e-03
5.5500000000e-01 2.9802322388e-09 7.7832212000e-01 9.7185579494e-04
5.5750000000e-01 2.1073424255e-09 7.9255352000e-01 1.1789147734e-03
5.6000000000e-01 3.6500241500e-09 8.0786562000e-01 1.9414574837e-03
5.6250000000e-01 0.0000000000e+00 8.2188910000e-01 9.6283763461e-04
5.6500000000e-01 2.1073424255e-09 8.3894029000e-01 7.1930239516e-04
5.6750000000e-01 2.1073424255e-09 8.5608863000e-01 1.4976874899e-03
5.7000000000e-01 2.1073424255e-09 8.7338515000e-01 1.4882993915e-03
5.7250000000e-01 4.7121609154e-09 8.9385990000e-01 1.7872058926e-03
5.7500000000e-01 3.6500241500e-09 9.1305053000e-01 1.8986650958e-03
5.7750000000e-01 3.6500241500e-09 9.3368251000e-01 1.5347564363e-03
5.8000000000e-01 2.9802322388e-09 9.5505832000e-01 1.5308953924e-03
5.8250000000e-01 2.1073424255e-09 9.7632633000e-01 1.2722390077e-03
5.8500000000e-01 0.0000000000e+00 9.9296132000e-01 1.4949053771e-03
5.8750000000e-01 0.0000000000e+00 1.0084055000e+00 1.1700206515e-03
5.9000000000e-01 2.9802322388e-09 1.0246443000e+00 1.0459870941e-03
5.9250000000e-01 3.6500241500e-09 1.0384652000e+00 1.8484430302e-03
5.9500000000e-01 4.2146848511e-09 1.0518566000e+00 1.4599030872e-03
5.9750000000e-01 2.9802322388e-09 1.0611232000e+00 2.5192712827e-03
6.0000000000e-01 0.0000000000e+00 1.0686759000e+00 2.1627697032e-03
6.0250000000e-01 2.9802322388e-09 1.0736154000e+00 1.6183160520e-03
6.0500000000e-01 2.1073424255e-09 1.0770583000e+00 1.7910745660e-03
6.0750000000e-01 2.1073424255e-09 1.0833762000e+00 1.2612158483e-03
6.1000000000e-01 2.1073424255e-09 1.0841190000e+00 1.6619677674e-03
6.1250000000e-01 4.2146848511e-09 1.0841161000e+00 1.5110198903e-03
6.1500000000e-01 3.6500241500e-09 1.0825594000e+00 2.2131682503e-03
6.1750000000e-01 4.2146848511e-09 1.0827754000e+00 1.7995210041e-03
6.2000000000e-01 2.9802322388e-09 1.0838036000e+00 2.0832296666e-03
6.2250000000e-01 4.7121609154e-09 1.0816738000e+00 2.0793342146e-03
6.2500000000e-01 0.0000000000e+00 1.0810039000e+00 2.2928164011e-03
6.2750000000e-01 3.6500241500e-09 1.0789351000e+00 2.4838721241e-03
6.3000000000e-01 2.1073424255e-09 1.0783316000e+00 1.6529903642e-03
6.3250000000e-01 2.9802322388e-09 1.0776093000e+00 1.5530036513e-03
6.3500000000e-01 4.2146848511e-09 1.0755168000e+00 1.4675056784e-03
6.3750000000e-01 4.2146848511e-09 1.0716987000e+00 1.1520327430e-03
6.4000000000e-01 4.2146848511e-09 1.0715927000e+00 8.1172680196e-04
6.4250000000e-01 2.9802322388e-09 1.0668562000e+00 1.5460435104e-03
6.4500000000e-01 0.0000000000e+00 1.0649275000e+00 1.1092485136e-03
6.4750000000e-01 2.9802322388e-09 1.0611427000e+00 1.3128312157e-03
6.5000000000e-01 4.2146848511e-09 1.0570337000e+00 1.5440524088e-03
6.5250000000e-01 0.0000000000e+00 1.0538584000e+00 2.1361272865e-03
6.5500000000e-01 2.9802322388e-09 1.0471145000e+00 1.4241418276e-03
6.5750000000e-01 4.2146848511e-09 1.0437607000e+00 2.3291180822e-03
6.6000000000e-01 0.0000000000e+00 1.0376576000e+00 1.5504969152e-03
6.6250000000e-01 2.9802322388e-09 1.0337190000e+00 1.6314743394e-03
6.6500000000e-01 0.0000000000e+00 1.0261134000e+00 2.0395823014e-03
6.6750000000e-01 2.9802322388e-09 1.0204987000e+00 1.3216479111e-03
6.7000000000e-01 2.9802322388e-09 1.0138064000e+00 1.1331497624e-03
6.7250000000e-01 5.1619136559e-09 1.0092887000e+00 1.4241474927e-03
6.7500000000e-01 4.2146848511e-09 1.0019417600e+00 1.2299557077e-03
6.7750000000e-01 5.1619136559e-09 9.9621273000e-01 1.0848286184e-03
6.8000000000e-01 4.2146848511e-09 9.9081486000e-01 9.2213303967e-04
6.8250000000e-01 2.9802322388e-09 9.8656407000e-01 1.7974657814e-03
6.8500000000e-01 4.2146848511e-09 9.7939916000e-01 1.3968846871e-03
6.8750000000e-01 0.0000000000e+00 9.7222845000e-01 1.3286728156e-03
6.9000000000e-01 2.9802322388e-09 9.6498665000e-01 1.5315241536e-03
6.9250000000e-01 0.0000000000e+00 9.5743183000e-01 8.9065317807e-04
6.9500000000e-01 4.2146848511e-09 9.4989120000e-01 1.1631478063e-03
6.9750000000e-01 4.2146848511e-09 9.4462095000e-01 5.5892017680e-04
7.0000000000e-01 4.2146848511e-09 9.3835697000e-01 1.1151722334e-03
7.0250000000e-01 5.9604644775e-09 9.2986268000e-01 1.7884123031e-03
7.0500000000e-01 2.9802322388e-09 9.2481504000e-01 9.3132906679e-04
7.0750000000e-01 0.0000000000e+00 9.1933647000e-01 1.3696830414e-03
7.1000000000e-01 4.2146848511e-09 9.1123064000e-01 1.4102952853e-03
7.1250000000e-01 5.1619136559e-09 9.0197921000e-01 1.1736174081e-03
7.1500000000e-01 2.9802322388e-09 8.9753131000e-01 1.1693388963e-03
7.1750000000e-01 4.2146848511e-09 8.9184207000e-01 1.3083706523e-03
7.2000000000e-01 2.9802322388e-09 8.8310744000e-01 1.3934670261e-03
7.2250000000e-01 0.0000000000e+00 8.7720537000e-01 1.1002913593e-03
7.2500000000e-01 4.2146848511e-09 8.6887085000e-01 1.3704993360e-03
7.2750000000e-01 2.9802322388e-09 8.6224734000e-01 1.0961070725e-03
7.3000000000e-01 5.9604644775e-09 8.5503796000e-01 1.2862998885e-03
7.3250000000e-01 4.2146848511e-09 8.4558154000e-01 1.3168113965e-03
7.3500000000e-01 5.9604644775e-09 8.4033824000e-01 1.1060146675e-03
7.3750000000e-01 4.2146848511e-09 8.3368420000e-01 1.2701652181e-03
7.4000000000e-01 4.2146848511e-09 8.2597241000e-01 1.0220008440e-03
7.4250000000e-01 4.2146848511e-09 8.1835709000e-01 1.0958481517e-03
7.4500000000e-01 2.9802322388e-09 8.1574697000e-01 1.0104597996e-03
7.4750000000e-01 4.2146848511e-09 8.0799766000e-01 9.8269828749e-04
7.5000000000e-01 0.0000000000e+00 8.0126204000e-01 9.5795897681e-04
7.5250000000e-01 4.2146848511e-09 7.9461887000e-01 1.0488457226e-03
7.5500000000e-01 4.2146848511e-09 7.8735795000e-01 8.0498454013e-04
7.5750000000e-01 5.1619136559e-09 7.8063108000e-01 1.3292359768e-03
7.6000000000e-01 5.1619136559e-09 7.7185205000e-01 1.3264075896e-03
7.6250000000e-01 5.9604644775e-09 7.6656971000e-01 1.2730122324e-03
7.6500000000e-01 5.1619136559e-09 7.5952770000e-01 8.4158782025e-04
7.6750000000e-01 2.9802322388e-09 7.5325272000e-01 1.5134302466e-03
7.7000000000e-01 4.2146848511e-09 7.4744835000e-01 1.0561788581e-03
7.7250000000e-01 2.9802322388e-09 7.4191356000e-01 9.1529013632e-04
7.7500000000e-01 5.1619136559e-09 7.3536536000e-01 1.1099616921e-03
7.7750000000e-01 0.0000000000e+00 7.2877821000e-01 9.1517907336e-04
7.8000000000e-01 5.1619136559e-09 7.2340830000e-01 1.1744760492e-03
7.8250000000e-01 2.9802322388e-09 7.1571985000e-01 8.9108193218e-04
7.8500000000e-01 2.9802322388e-09 7.1099358000e-01 1.1284386265e-03
7.8750000000e-01 5.1619136559e-09 7.0614507000e-01 9.1602937125e-04
7.9000000000e-01 4.2146848511e-09 6.9885700000e-01 1.0872262080e-03
7.9250000000e-01 0.0000000000e+00 6.9348327000e-01 9.4342895695e-04
7.9500000000e-01 4.2146848511e-09 6.8758472000e-01 8.3938989675e-04
7.9750000000e-01 4.2146848511e-09 6.8280074000e-01 9.3367348374e-04
8.0000000000e-01 5.9604644775e-09 6.7574346000e-01 1.1503431302e-03
8.0250000000e-01 0.0000000000e+00 6.7040168000e-01 1.0633701935e-03
8.0500000000e-01 5.9604644775e-09 6.6482474000e-01 1.0503383167e-03
8.0750000000e-01 5.1619136559e-09 6.5986636000e-01 1.0955102117e-03
8.1000000000e-01 5.1619136559e-09 6.5306235000e-01 5.5856770123e-04
8.1250000000e-01 0.0000000000e+00 6.4800274000e-01 4.9807986894e-04
8.1500000000e-01 7.3000483000e-09 6.4315233000e-01 8.6039157261e-04
8.1750000000e-01 5.1619136559e-09 6.3962932000e-01 9.9174863920e-04
8.2000000000e-01 6.6640018746e-09 6.3332494000e-01 8.3496979900e-04
8.2250000000e-01 2.9802322388e-09 6.2841766000e-01 6.4347152062e-04
8.2500000000e-01 2.9802322388e-09 6.2214335000e-01 7.7719801354e-04
8.2750000000e-01 6.6640018746e-09 6.1731084000e-01 3.7942670309e-04
8.3000000000e-01 5.1619136559e-09 6.1116885000e-01 5.9833828613e-04
8.3250000000e-01 5.1619136559e-09 6.0713811000e-01 8.7951737020e-04
8.3500000000e-01 2.9802322388e-09 6.0268455000e-01 8.5256481093e-04
8.3750000000e-01 6.6640018746e-09 5.9676754000e-01 1.0717872124e-03
8.4000000000e-01 5.1619136559e-09 5.9317451000e-01 9.0371557334e-04
8.4250000000e-01 5.1619136559e-09 5.8826183000e-01 1.2196648413e-03
8.4500000000e-01 2.9802322388e-09 5.8435381000e-01 5.9815677452e-04
8.4750000000e-01 2.9802322388e-09 5.7977432000e-01 5.2315073465e-04
8.5000000000e-01 5.9604644775e-09 5.7479511000e-01 7.6064614907e-04
8.5250000000e-01 0.0000000000e+00 5.7048473000e-01 7.5666454959e-04
8.5500000000e-01 7.8849533530e-09 5.6633324000e-01 5.3872589565e-04
8.5750000000e-01 5.1619136559e-09 5.6110432000e-01 7.4677367800e-04
8.6000000000e-01 4.2146848511e-09 5.5782408000e-01 8.3218209988e-04
8.6250000000e-01 2.9802322388e-09 5.5309301000e-01 7.4584672681e-04
8.6500000000e-01 4.2146848511e-09 5.4857101000e-01 6.2748870291e-04
8.6750000000e-01 4.2146848511e-09 5.4389952000e-01 5.8717372639e-04
8.7000000000e-01 4.2146848511e-09 5.3922625000e-01 7.3908476704e-04
8.7250000000e-01 7.8849533530e-09 5.3438573000e-01 6.5105188151e-04
8.7500000000e-01 0.0000000000e+00 5.3100882000e-01 5.6277357431e-04
8.7750000000e-01 6.6640018746e-09 5.2762184000e-01 8.6181203846e-04
8.8000000000e-01 4.2146848511e-09 5.2288282000e-01 7.8516802301e-04
8.8250000000e-01 6.6640018746e-09 5.1809281000e-01 6.5704995692e-04
8.8500000000e-01 0.0000000000e+00 5.1589533000e-01 7.5272982896e-04
8.8750000000e-01 4.2146848511e-09 5.1175779000e-01 6.6896651089e-04
8.9000000000e-01 4.2146848511e-09 5.0793683000e-01 5.4915497578e-04
8.9250000000e-01 2.9802322388e-09 5.0377109000e-01 6.7477921596e-04
8.9500000000e-01 5.9604644775e-09 5.0087341000e-01 3.9371480527e-04
8.9750000000e-01 5.9604644775e-09 4.9637029000e-01 5.5693028297e-04
9.0000000000e-01 0.0000000000e+00 4.9145369000e-01 7.9882532752e-04
9.0250000000e-01 0.0000000000e+00 4.8887225000e-01 6.8524881047e-04
9.0500000000e-01 4.2146848511e-09 4.8564835000e-01 5.1001024740e-04
9.0750000000e-01 4.2146848511e-09 4.8173213000e-01 6.4169106525e-04
9.1000000000e-01 4.2146848511e-09 4.7720606000e-01 8.2819695921e-04
9.1250000000e-01 5.9604644775e-09 4.7444662000e-01 5.0849085592e-04
9.1500000000e-01 5.9604644775e-09 4.7277740000e-01 3.9971134860e-04
9.1750000000e-01 5.9604644775e-09 4.6864837000e-01 7.5951451890e-04
9.2000000000e-01 4.2146848511e-09 4.6475658000e-01 6.9131517223e-04
9.2250000000e-01 0.0000000000e+00 4.6135322000e-01 6.6431244634e-04
9.2500000000e-01 0.0000000000e+00 4.5808228000e-01 6.0266385205e-04
9.2750000000e-01 4.2146848511e-09 4.5567507000e-01 6.2234661372e-04
9.3000000000e-01 7.3000483000e-09 4.5354800000e-01 7.4938181270e-04
9.3250000000e-01 7.3000483000e-09 4.4714221000e-01 5.8845521979e-04
9.3500000000e-01 5.9604644775e-09 4.4514060000e-01 5.0521063864e-04
9.3750000000e-01 0.0000000000e+00 4.4132493000e-01 5.8913578283e-04
9.4000000000e-01 4.2146848511e-09 4.3999176000e-01 4.1352831734e-04
9.4250000000e-01 0.0000000000e+00 4.3638138000e-01 7.3709434332e-04
9.4500000000e-01 5.9604644775e-09 4.3324330000e-01 6.3946185172e-04
9.4750000000e-01 5.9604644775e-09 4.2934658000e-01 4.2477039064e-04
9.5000000000e-01 0.0000000000e+00 4.2698657000e-01 6.7785534594e-04
9.5250000000e-01 4.2146848511e-09 4.2350812000e-01 5.1372656341e-04
9.5500000000e-01 4.2146848511e-09 4.2141502000e-01 4.9859907216e-04
9.5750000000e-01 9.4243218308e-09 4.1851363000e-01 7.2366475001e-04
9.6000000000e-01 5.9604644775e-09 4.1522443000e-01 5.0295053655e-04
9.6250000000e-01 4.2146848511e-09 4.1296006000e-01 6.7722086179e-04
9.6500000000e-01 5.9604644775e-09 4.1025015000e-01 2.8407408584e-04
9.6750000000e-01 4.2146848511e-09 4.0754826000e-01 5.9032431378e-04
9.7000000000e-01 0.0000000000e+00 4.0375401000e-01 5.3517662326e-04
9.7250000000e-01 7.3000483000e-09 4.0179207000e-01 5.2186451021e-04
9.7500000000e-01 4.2146848511e-09 3.9871679000e-01 6.8688954358e-04
9.7750000000e-01 7.3000483000e-09 3.9707392000e-01 4.2415251144e-04
9.8000000000e-01 7.3000483000e-09 3.9382634000e-01 4.5315285770e-04
9.8250000000e-01 0.0000000000e+00 3.9168576000e-01 6.3417333864e-04
9.8500000000e-01 0.0000000000e+00 3.8877826000e-01 4.5735946808e-04
9.8750000000e-01 0.0000000000e+00 3.8640686000e-01 7.7744780123e-04
9.9000000000e-01 0.0000000000e+00 3.8391026000e-01 5.0451296756e-04
9.9250000000e-01 4.2146848511e-09 3.8103204000e-01 7.3109636522e-04
9.9500000000e-01 4.2146848511e-09 3.7841879000e-01 5.4394190139e-04
9.9750000000e-01 7.3000483000e-09 3.7708235000e-01 5.3412421425e-04
1.0000000000e+00 0.0000000000e+00 3.7442185000e-01 4.5202297691e-04
