2.0000000000e-01 1.4901161194e-09 2.1143370000e-01 3.7499796639e-04
2.0500000000e-01 1.6660004687e-09 2.1927680000e-01 3.9920936387e-04
2.1000000000e-01 1.2904784140e-09 2.2793254000e-01 3.2120228274e-04
2.1500000000e-01 1.0536712128e-09 2.3636509000e-01 1.6161843240e-04
2.2000000000e-01 1.0536712128e-09 2.4559531000e-01 3.0790341065e-04
2.2500000000e-01 0.0000000000e+00 2.5561747000e-01 4.9308344873e-04
2.3000000000e-01 1.0536712128e-09 2.6635001000e-01 3.3673167729e-04
2.3500000000e-01 1.0536712128e-09 2.7739702000e-01 4.4691583856e-04
2.4000000000e-01 1.4901161194e-09 2.8871643000e-01 3.9400872860e-04
2.4500000000e-01 1.8250120750e-09 2.9880470000e-01 4.3336080026e-04
2.5000000000e-01 0.0000000000e+00 3.1087911000e-01 3.7021217172e-04
2.5500000000e-01 1.8250120750e-09 3.2305825000e-01 5.7213077425e-04
2.6000000000e-01 1.4901161194e-09 3.3522432000e-01 9.0838783686e-04
2.6500000000e-01 2.3560804577e-09 3.4637453000e-01 4.2524360808e-04
2.7000000000e-01 1.0536712128e-09 3.5993757000e-01 3.2932693089e-04
2.7500000000e-01 2.1073424255e-09 3.7182254000e-01 5.7901070511e-04
2.8000000000e-01 1.8250120750e-09 3.8486451000e-01 5.5268171681e-04
2.8500000000e-01 1.0536712128e-09 3.9731275000e-01 5.2982463047e-04
2.9000000000e-01 1.4901161194e-09 4.0871828000e-01 3.3629499606e-04
2.9500000000e-01 1.4901161194e-09 4.1834831000e-01 5.8824043986e-04
3.0000000000e-01 0.0000000000e+00 4.2925150000e-01 6.1456453265e-04
3.0500000000e-01 1.0536712128e-09 4.3729926000e-01 7.4903732220e-04
3.1000000000e-01 1.4901161194e-09 4.4427477000e-01 7.0593925292e-04
3.1500000000e-01 1.0536712128e-09 4.4868056000e-01 5.5865138077e-04
3.2000000000e-01 2.1073424255e-09 4.5071672000e-01 5.2911368793e-04
3.2500000000e-01 2.1073424255e-09 4.5031969000e-01 5.9263781629e-04
3.3000000000e-01 0.0000000000e+00 4.4430166000e-01 5.4284710023e-04
3.3500000000e-01 1.4901161194e-09 4.4002985000e-01 7.6758035935e-04
3.4000000000e-01 2.1073424255e-09 4.3234345000e-01 4.1698732384e-04
3.4500000000e-01 1.4901161194e-09 4.2595029000e-01 3.5942544358e-04
3.5000000000e-01 2.1073424255e-09 4.1922215000e-01 5.6905045422e-04
3.5500000000e-01 2.1073424255e-09 4.1306577000e-01 5.3748914818e-04
3.6000000000e-01 1.4901161194e-09 4.0695519000e-01 5.5123190863e-04
3.6500000000e-01 2.9802322388e-09 4.0195430000e-01 3.3320845938e-04
3.7000000000e-01 2.1073424255e-09 3.9716407000e-01 5.2610265577e-04
3.7500000000e-01 0.0000000000e+00 3.9616738000e-01 4.4513236903e-04
3.8000000000e-01 2.5809568280e-09 3.9424438000e-01 5.3230660465e-04
3.8500000000e-01 2.1073424255e-09 3.9378720000e-01 5.7287085962e-04
3.9000000000e-01 2.5809568280e-09 3.9417134000e-01 4.4244788353e-04
3.9500000000e-01 2.1073424255e-09 3.9562635000e-01 5.6468366158e-04
4.0000000000e-01 2.9802322388e-09 3.9733617000e-01 3.9134934421e-04
4.0500000000e-01 2.5809568280e-09 3.9964733000e-01 6.4267375643e-04
4.1000000000e-01 3.3320009373e-09 4.0344764000e-01 6.5664485199e-04
4.1500000000e-01 2.5809568280e-09 4.0751770000e-01 5.0109769167e-04
4.2000000000e-01 2.5809568280e-09 4.1252596000e-01 4.7355470353e-04
4.2500000000e-01 2.9802322388e-09 4.1668133000e-01 3.9382124829e-04
4.3000000000e-01 2.1073424255e-09 4.2249849000e-01 6.1812648147e-04
4.3500000000e-01 2.1073424255e-09 4.2755335000e-01 5.4543359417e-04
4.4000000000e-01 2.1073424255e-09 4.3373414000e-01 7.6863353560e-04
4.4500000000e-01 2.1073424255e-09 4.4164496000e-01 6.9453644615e-04
4.5000000000e-01 0.0000000000e+00 4.4969657000e-01 6.0051620179e-04
4.5500000000e-01 2.1073424255e-09 4.5758383000e-01 4.7396740374e-04
4.6000000000e-01 2.1073424255e-09 4.6700260000e-01 8.2729426712e-04
4.6500000000e-01 3.6500241500e-09 4.7513169000e-01 6.2229429556e-04
4.7000000000e-01 2.1073424255e-09 4.8576672000e-01 4.2762442020e-04
4.7500000000e-01 0.0000000000e+00 4.9460290000e-01 6.3837853567e-04
4.8000000000e-01 2.9802322388e-09 5.0654404000e-01 6.5137879060e-04
4.8500000000e-01 0.0000000000e+00 5.1731960000e-01 1.1162016965e-03
4.9000000000e-01 3.6500241500e-09 5.2951349000e-01 7.3467268269e-04
4.9500000000e-01 0.0000000000e+00 5.4264991000e-01 7.5279803207e-04
5.0000000000e-01 0.0000000000e+00 5.5342918000e-01 5.3060558173e-04
5.0500000000e-01 0.0000000000e+00 5.6832924000e-01 7.2154448862e-04
5.1000000000e-01 3.6500241500e-09 5.8434341000e-01 6.4072570800e-04
5.1500000000e-01 2.1073424255e-09 5.9935570000e-01 9.2785277022e-04
5.2000000000e-01 2.9802322388e-09 6.1461093000e-01 1.1580903362e-03
5.2500000000e-01 3.6500241500e-09 6.3111752000e-01 1.0364843139e-03
5.3000000000e-01 4.7121609154e-09 6.5060507000e-01 8.1162614633e-04
5.3500000000e-01 2.1073424255e-09 6.6957522000e-01 9.0871435664e-04
5.4000000000e-01 2.1073424255e-09 6.9246883000e-01 1.2491761286e-03
5.4500000000e-01 2.1073424255e-09 7.1390165000e-01 9.3367957578e-04
5.5000000000e-01 4.2146848511e-09 7.3719762000e-01 1.0373203154e-03
5.5500000000e-01 2.9802322388e-09 7.6025920000e-01 1.0496798713e-03
5.6000000000e-01 3.6500241500e-09 7.8628543000e-01 9.3998822333e-04
5.6500000000e-01 2.1073424255e-09 8.1294824000e-01 1.3149249243e-03
5.7000000000e-01 2.1073424255e-09 8.4411922000e-01 1.4060943533e-03
5.7500000000e-01 3.6500241500e-09 8.7676300000e-01 1.8271929247e-03
5.8000000000e-01 2.9802322388e-09 9.0968170000e-01 1.7525831518e-03
5.8500000000e-01 0.0000000000e+00 9.4384244000e-01 1.2696687217e-03
5.9000000000e-01 2.9802322388e-09 9.8091286000e-01 1.8885148619e-03
5.9500000000e-01 4.2146848511e-09 1.0161406000e+00 2.1100009441e-03
6.0000000000e-01 0.0000000000e+00 1.0479524000e+00 1.9768222793e-03
6.0500000000e-01 2.1073424255e-09 1.0778218000e+00 2.1586967124e-03
6.1000000000e-01 2.1073424255e-09 1.1007853000e+00 1.5590707941e-03
6.1500000000e-01 3.6500241500e-09 1.1150748000e+00 1.4040118575e-03
6.2000000000e-01 2.9802322388e-09 1.1278174000e+00 1.7412308876e-03
6.2500000000e-01 0.0000000000e+00 1.1296067000e+00 1.5800284495e-03
6.3000000000e-01 2.1073424255e-09 1.1279745000e+00 1.4091035111e-03
6.3500000000e-01 4.2146848511e-09 1.1186624000e+00 1.7401776817e-03
6.4000000000e-01 4.2146848511e-09 1.1096236000e+00 1.0181680235e-03
6.4500000000e-01 0.0000000000e+00 1.0975108000e+00 1.8162402749e-03
6.5000000000e-01 4.2146848511e-09 1.0825753000e+00 1.5539242649e-03
6.5500000000e-01 2.9802322388e-09 1.0711215000e+00 1.6926742938e-03
6.6000000000e-01 0.0000000000e+00 1.0559521000e+00 1.1236697865e-03
6.6500000000e-01 0.0000000000e+00 1.0393174000e+00 1.7093172040e-03
6.7000000000e-01 2.9802322388e-09 1.0244504000e+00 1.1706598413e-03
6.7500000000e-01 4.2146848511e-09 1.0128147000e+00 1.5822093291e-03
6.8000000000e-01 4.2146848511e-09 9.9941334000e-01 1.6641883272e-03
6.8500000000e-01 4.2146848511e-09 9.8408196000e-01 9.8586974751e-04
6.9000000000e-01 2.9802322388e-09 9.6767854000e-01 1.6219044906e-03
6.9500000000e-01 4.2146848511e-09 9.5575088000e-01 1.4212826667e-03
7.0000000000e-01 4.2146848511e-09 9.3936610000e-01 1.1753144607e-03
7.0500000000e-01 2.9802322388e-09 9.2546803000e-01 1.4482023605e-03
7.1000000000e-01 4.2146848511e-09 9.1114801000e-01 1.5812305991e-03
7.1500000000e-01 2.9802322388e-09 8.9743538000e-01 1.1390364405e-03
7.2000000000e-01 2.9802322388e-09 8.8359451000e-01 1.6736973390e-03
7.2500000000e-01 4.2146848511e-09 8.6883715000e-01 9.7638645794e-04
7.3000000000e-01 5.9604644775e-09 8.5628842000e-01 1.1245581512e-03
7.3500000000e-01 5.9604644775e-09 8.4005477000e-01 6.5419403467e-04
7.4000000000e-01 4.2146848511e-09 8.2802270000e-01 1.2013152207e-03
7.4500000000e-01 2.9802322388e-09 8.1341388000e-01 1.0292060179e-03
7.5000000000e-01 0.0000000000e+00 8.0003307000e-01 5.8240693162e-04
7.5500000000e-01 4.2146848511e-09 7.8584101000e-01 6.8939627507e-04
7.6000000000e-01 5.1619136559e-09 7.7505956000e-01 9.0561988220e-04
7.6500000000e-01 5.1619136559e-09 7.6080387000e-01 1.1435348189e-03
7.7000000000e-01 4.2146848511e-09 7.4784233000e-01 9.0412550413e-04
7.7500000000e-01 5.1619136559e-09 7.3765803000e-01 7.1721041585e-04
7.8000000000e-01 5.1619136559e-09 7.2373083000e-01 1.1596914261e-03
7.8500000000e-01 2.9802322388e-09 7.1093799000e-01 5.8090348449e-04
7.9000000000e-01 4.2146848511e-09 6.9832534000e-01 1.4463049346e-03
7.9500000000e-01 4.2146848511e-09 6.8896352000e-01 6.2060141843e-04
8.0000000000e-01 5.9604644775e-09 6.7632866000e-01 1.0233769560e-03
8.0500000000e-01 5.9604644775e-09 6.6484175000e-01 6.8509161829e-04
8.1000000000e-01 5.1619136559e-09 6.5418813000e-01 9.9376754959e-04
8.1500000000e-01 7.3000483000e-09 6.4460236000e-01 1.2711584864e-03
8.2000000000e-01 6.6640018746e-09 6.3159736000e-01 9.4278957177e-04
8.2500000000e-01 2.9802322388e-09 6.2104680000e-01 5.1364777678e-04
8.3000000000e-01 5.1619136559e-09 6.1310231000e-01 4.1051917456e-04
8.3500000000e-01 2.9802322388e-09 6.0243543000e-01 6.0124279322e-04
8.4000000000e-01 5.1619136559e-09 5.9397984000e-01 5.8414536550e-04
8.4500000000e-01 2.9802322388e-09 5.8480488000e-01 5.7923124136e-04
8.5000000000e-01 5.9604644775e-09 5.7377658000e-01 7.5542760154e-04
8.5500000000e-01 7.8849533530e-09 5.6496945000e-01 6.9847827429e-04
8.6000000000e-01 4.2146848511e-09 5.5675018000e-01 5.4081838520e-04
8.6500000000e-01 4.2146848511e-09 5.4814304000e-01 9.1077224784e-04
8.7000000000e-01 4.2146848511e-09 5.4025084000e-01 7.7500963855e-04
8.7500000000e-01 0.0000000000e+00 5.3198565000e-01 3.1450011837e-04
8.8000000000e-01 4.2146848511e-09 5.2245762000e-01 5.8372584692e-04
8.8500000000e-01 0.0000000000e+00 5.1490936000e-01 7.6967717066e-04
8.9000000000e-01 4.2146848511e-09 5.0666542000e-01 5.3173876176e-04
8.9500000000e-01 5.9604644775e-09 4.9972004000e-01 6.4111392610e-04
9.0000000000e-01 0.0000000000e+00 4.9194145000e-01 7.3407360533e-04
9.0500000000e-01 4.2146848511e-09 4.8458422000e-01 5.3209098655e-04
9.1000000000e-01 4.2146848511e-09 4.7889259000e-01 8.2741626942e-04
9.1500000000e-01 5.9604644775e-09 4.7180793000e-01 9.3149717337e-04
9.2000000000e-01 4.2146848511e-09 4.6451018000e-01 4.6451053848e-04
9.2500000000e-01 0.0000000000e+00 4.5795879000e-01 5.1822904462e-04
9.3000000000e-01 7.3000483000e-09 4.5119429000e-01 6.4819347026e-04
9.3500000000e-01 5.9604644775e-09 4.4512159000e-01 4.7479228437e-04
9.4000000000e-01 4.2146848511e-09 4.3869112000e-01 6.1564309950e-04
9.4500000000e-01 5.9604644775e-09 4.3323393000e-01 6.7053216896e-04
9.5000000000e-01 0.0000000000e+00 4.2659166000e-01 3.3230326426e-04
9.5500000000e-01 4.2146848511e-09 4.2177753000e-01 5.3449841235e-04
9.6000000000e-01 5.9604644775e-09 4.1514317000e-01 5.4598978123e-04
9.6500000000e-01 5.9604644775e-09 4.1020816000e-01 4.9309066330e-04
9.7000000000e-01 0.0000000000e+00 4.0529488000e-01 5.8331871645e-04
9.7500000000e-01 4.2146848511e-09 3.9959514000e-01 4.1488061300e-04
9.8000000000e-01 7.3000483000e-09 3.9408638000e-01 6.4673160103e-04
9.8500000000e-01 0.0000000000e+00 3.8732480000e-01 4.2531763989e-04
9.9000000000e-01 0.0000000000e+00 3.8383458000e-01 6.1232827337e-04
9.9500000000e-01 4.2146848511e-09 3.7804668000e-01 5.1049820642e-04
1.0000000000e+00 0.0000000000e+00 3.7435690000e-01 4.3822369676e-04
