2.0000000000e-01 1.4901161194e-09 2.1068187000e-01 9.7427965238e-05
2.0250000000e-01 1.2904784140e-09 2.1522153000e-01 1.4659480895e-04
2.0500000000e-01 1.6660004687e-09 2.1915643000e-01 1.0765877211e-04
2.0750000000e-01 1.2904784140e-09 2.2350931000e-01 1.2434899634e-04
2.1000000000e-01 1.2904784140e-09 2.2826673000e-01 1.7177588717e-04
2.1250000000e-01 1.4901161194e-09 2.3227355000e-01 1.4920296663e-04
2.1500000000e-01 1.0536712128e-09 2.3698458000e-01 1.6873231747e-04
2.1750000000e-01 1.0536712128e-09 2.4112160000e-01 1.8664107265e-04
2.2000000000e-01 1.0536712128e-09 2.4611176000e-01 1.8283826252e-04
2.2250000000e-01 1.0536712128e-09 2.5109357000e-01 1.3257523153e-04
2.2500000000e-01 0.0000000000e+00 2.5589952000e-01 1.5903862977e-04
2.2750000000e-01 1.0536712128e-09 2.6128642000e-01 1.2985715289e-04
2.3000000000e-01 1.0536712128e-09 2.6637033000e-01 1.5813104443e-04
2.3250000000e-01 1.8250120750e-09 2.7187697000e-01 2.3540155311e-04
2.3500000000e-01 1.0536712128e-09 2.7680837000e-01 1.8361282256e-04
2.3750000000e-01 0.0000000000e+00 2.8237984000e-01 3.0033343543e-04
2.4000000000e-01 1.4901161194e-09 2.8763935000e-01 1.6611641174e-04
2.4250000000e-01 0.0000000000e+00 2.9352553000e-01 3.0493261324e-04
2.4500000000e-01 1.8250120750e-09 2.9928814000e-01 1.6893219952e-04
2.4750000000e-01 0.0000000000e+00 3.0525395000e-01 1.6783341220e-04
2.5000000000e-01 0.0000000000e+00 3.1096739000e-01 2.1103760682e-04
2.5250000000e-01 0.0000000000e+00 3.1625590000e-01 1.3623495661e-04
2.5500000000e-01 1.8250120750e-09 3.2256502000e-01 1.3260616863e-04
2.5750000000e-01 1.0536712128e-09 3.2905267000e-01 3.1312300301e-04
2.6000000000e-01 1.4901161194e-09 3.3520025000e-01 3.0705470042e-04
2.6250000000e-01 1.8250120750e-09 3.4207309000e-01 2.8461331678e-04
2.6500000000e-01 2.3560804577e-09 3.4777550000e-01 2.8244842680e-04
2.6750000000e-01 1.0536712128e-09 3.5326511000e-01 3.0452987356e-04
2.7000000000e-01 1.0536712128e-09 3.5977691000e-01 2.6079733183e-04
2.7250000000e-01 1.0536712128e-09 3.6646129000e-01 1.7797534236e-04
2.7500000000e-01 2.1073424255e-09 3.7268152000e-01 2.9666463887e-04
2.7750000000e-01 1.4901161194e-09 3.7898113000e-01 2.8636183616e-04
2.8000000000e-01 1.8250120750e-09 3.8493190000e-01 3.9507468914e-04
2.8250000000e-01 1.0536712128e-09 3.9057761000e-01 3.4613610198e-04
2.8500000000e-01 1.0536712128e-09 3.9666463000e-01 3.7391915759e-04
2.8750000000e-01 1.8250120750e-09 4.0301463000e-01 2.6358843907e-04
2.9000000000e-01 1.4901161194e-09 4.0855603000e-01 2.1877699743e-04
2.9250000000e-01 0.0000000000e+00 4.1435281000e-01 5.0074135089e-04
2.9500000000e-01 1.4901161194e-09 4.1979922000e-01 2.6316879709e-04
2.9750000000e-01 2.1073424255e-09 4.2447346000e-01 4.1212755652e-04
3.0000000000e-01 0.0000000000e+00 4.2858525000e-01 3.2709572674e-04
3.0250000000e-01 1.0536712128e-09 4.3340533000e-01 4.5926324065e-04
3.0500000000e-01 1.0536712128e-09 4.3801895000e-01 4.2928113079e-04
3.0750000000e-01 1.8250120750e-09 4.4225723000e-01 3.6020745634e-04
3.1000000000e-01 1.4901161194e-09 4.4485338000e-01 3.0386101454e-04
3.1250000000e-01 0.0000000000e+00 4.4843003000e-01 3.7485528116e-04
3.1500000000e-01 1.0536712128e-09 4.5131646000e-01 4.5275220247e-04
3.1750000000e-01 2.1073424255e-09 4.5368756000e-01 2.9644228718e-04
3.2000000000e-01 2.1073424255e-09 4.5480419000e-01 5.0601519966e-04
3.2250000000e-01 0.0000000000e+00 4.5559029000e-01 4.3228685881e-04
3.2500000000e-01 2.1073424255e-09 4.5591387000e-01 4.6352404664e-04
3.2750000000e-01 1.4901161194e-09 4.5634513000e-01 4.7168325029e-04
3.3000000000e-01 0.0000000000e+00 4.5463684000e-01 4.8468967541e-04
3.3250000000e-01 0.0000000000e+00 4.5362172000e-01 3.8577847913e-04
3.3500000000e-01 1.4901161194e-09 4.4985320000e-01 2.7452134599e-04
3.3750000000e-01 2.1073424255e-09 4.4715578000e-01 4.4621889848e-04
3.4000000000e-01 2.1073424255e-09 4.4233085000e-01 3.5346887790e-04
3.4250000000e-01 2.1073424255e-09 4.3807707000e-01 2.4434115498e-04
3.4500000000e-01 1.4901161194e-09 4.3304035000e-01 5.2287070242e-04
3.4750000000e-01 2.1073424255e-09 4.2791180000e-01 4.5165828145e-04
3.5000000000e-01 2.1073424255e-09 4.2183578000e-01 5.2058472870e-04
3.5250000000e-01 1.4901161194e-09 4.1726363000e-01 2.7873353837e-04
3.5500000000e-01 2.1073424255e-09 4.1256638000e-01 1.9249241377e-04
3.5750000000e-01 1.4901161194e-09 4.0869709000e-01 3.2133744240e-04
3.6000000000e-01 1.4901161194e-09 4.0472481000e-01 2.2643043542e-04
3.6250000000e-01 2.1073424255e-09 4.0159167000e-01 2.8148173086e-04
3.6500000000e-01 2.9802322388e-09 3.9896406000e-01 2.1316206754e-04
3.6750000000e-01 2.9802322388e-09 3.9738515000e-01 3.5503113447e-04
3.7000000000e-01 2.1073424255e-09 3.9520561000e-01 3.2626525051e-04
3.7250000000e-01 1.4901161194e-09 3.9409695000e-01 3.3609346237e-04
3.7500000000e-01 0.0000000000e+00 3.9344684000e-01 2.0840050489e-04
3.7750000000e-01 2.1073424255e-09 3.9165610000e-01 1.0566595475e-04
3.8000000000e-01 2.5809568280e-09 3.9210697000e-01 3.5201918813e-04
3.8250000000e-01 2.5809568280e-09 3.9160694000e-01 2.8562310138e-04
3.8500000000e-01 2.1073424255e-09 3.9186581000e-01 3.4897433156e-04
3.8750000000e-01 2.5809568280e-09 3.9174934000e-01 1.6482659384e-04
3.9000000000e-01 2.5809568280e-09 3.9259522000e-01 3.4868854090e-04
3.9250000000e-01 1.4901161194e-09 3.9302393000e-01 2.6045359050e-04
3.9500000000e-01 2.1073424255e-09 3.9365883000e-01 2.9804902820e-04
3.9750000000e-01 2.1073424255e-09 3.9441187000e-01 3.1815631788e-04
4.0000000000e-01 2.9802322388e-09 3.9576945000e-01 1.9951116373e-04
4.0250000000e-01 2.9802322388e-09 3.9769998000e-01 2.8007033288e-04
4.0500000000e-01 2.5809568280e-09 3.9904676000e-01 3.0579981203e-04
4.0750000000e-01 3.6500241500e-09 4.0032225000e-01 2.2749575875e-04
4.1000000000e-01 3.3320009373e-09 4.0218195000e-01 3.0117772435e-04
4.1250000000e-01 1.4901161194e-09 4.0405016000e-01 3.2020041731e-04
4.1500000000e-01 2.5809568280e-09 4.0681870000e-01 2.4310076881e-04
4.1750000000e-01 1.4901161194e-09 4.0851616000e-01 2.5626862866e-04
4.2000000000e-01 2.5809568280e-09 4.1107568000e-01 3.0794134565e-04
4.2250000000e-01 1.4901161194e-09 4.1347651000e-01 2.9555956810e-04
4.2500000000e-01 2.9802322388e-09 4.1572726000e-01 1.6614155363e-04
4.2750000000e-01 3.9424766765e-09 4.1921844000e-01 2.7686691287e-04
4.3000000000e-01 2.1073424255e-09 4.2159611000e-01 1.9139468301e-04
4.3250000000e-01 2.1073424255e-09 4.2520448000e-01 3.7290397177e-04
4.3500000000e-01 2.1073424255e-09 4.2773986000e-01 1.9941080373e-04
4.3750000000e-01 0.0000000000e+00 4.3103275000e-01 2.6219567779e-04
4.4000000000e-01 2.1073424255e-09 4.3495799000e-01 2.6658886453e-04
4.4250000000e-01 0.0000000000e+00 4.3861874000e-01 2.5622679844e-04
4.4500000000e-01 2.1073424255e-09 4.4205676000e-01 2.9757151853e-04
4.4750000000e-01 2.9802322388e-09 4.4613684000e-01 2.2034342613e-04
4.5000000000e-01 0.0000000000e+00 4.4968057000e-01 2.7461733486e-04
4.5250000000e-01 2.1073424255e-09 4.5415034000e-01 2.2520206537e-04
4.5500000000e-01 2.1073424255e-09 4.5853605000e-01 3.3297062760e-04
4.5750000000e-01 2.9802322388e-09 4.6247345000e-01 3.7933739845e-04
4.6000000000e-01 2.1073424255e-09 4.6745394000e-01 2.8729712779e-04
4.6250000000e-01 0.0000000000e+00 4.7135911000e-01 3.7390810728e-04
4.6500000000e-01 3.6500241500e-09 4.7576782000e-01 2.5607599683e-04
4.6750000000e-01 2.9802322388e-09 4.8059738000e-01 3.0819329675e-04
4.7000000000e-01 2.1073424255e-09 4.8566035000e-01 3.6954931856e-04
4.7250000000e-01 2.9802322388e-09 4.9151404000e-01 3.3191835839e-04
4.7500000000e-01 0.0000000000e+00 4.9652792000e-01 2.9165178649e-04
4.7750000000e-01 2.1073424255e-09 5.0128591000e-01 4.5720741518e-04
4.8000000000e-01 2.9802322388e-09 5.0729819000e-01 1.7119224187e-04
4.8250000000e-01 2.9802322388e-09 5.1251438000e-01 1.4581817981e-04
4.8500000000e-01 0.0000000000e+00 5.1819612000e-01 2.0827009903e-04
4.8750000000e-01 2.1073424255e-09 5.2444139000e-01 2.6240090109e-04
4.9000000000e-01 3.6500241500e-09 5.3170589000e-01 3.5772534337e-04
4.9250000000e-01 0.0000000000e+00 5.3754325000e-01 3.5772623785e-04
4.9500000000e-01 0.0000000000e+00 5.4479049000e-01 3.7053140581e-04
4.9750000000e-01 2.1073424255e-09 5.5086050000e-01 2.0275266604e-04
5.0000000000e-01 0.0000000000e+00 5.5771941000e-01 4.4198324752e-04
5.0250000000e-01 2.1073424255e-09 5.6419376000e-01 3.0553340772e-04
5.0500000000e-01 0.0000000000e+00 5.7163369000e-01 4.4594584771e-04
5.0750000000e-01 2.9802322388e-09 5.7954665000e-01 3.2391700612e-04
5.1000000000e-01 3.6500241500e-09 5.8705739000e-01 3.2313362885e-04
5.1250000000e-01 3.6500241500e-09 5.9504122000e-01 5.7342382508e-04
5.1500000000e-01 2.1073424255e-09 6.0354100000e-01 4.3310743679e-04
5.1750000000e-01 0.0000000000e+00 6.1174605000e-01 2.9408872580e-04
5.2000000000e-01 2.9802322388e-09 6.1938575000e-01 6.3255990835e-04
5.2250000000e-01 2.1073424255e-09 6.3054148000e-01 3.8789691460e-04
5.2500000000e-01 3.6500241500e-09 6.3887318000e-01 3.0629465347e-04
5.2750000000e-01 2.9802322388e-09 6.4835998000e-01 4.7738601171e-04
5.3000000000e-01 4.7121609154e-09 6.5846173000e-01 3.0813593594e-04
5.3250000000e-01 4.2146848511e-09 6.6865351000e-01 6.0501608713e-04
5.3500000000e-01 2.1073424255e-09 6.7934533000e-01 3.3975247786e-04
5.3750000000e-01 3.6500241500e-09 6.9006138000e-01 4.3728259714e-04
5.4000000000e-01 2.1073424255e-09 7.0234617000e-01 4.7740811179e-04
5.4250000000e-01 2.9802322388e-09 7.1449255000e-01 5.2145607394e-04
5.4500000000e-01 2.1073424255e-09 7.2744849000e-01 5.2168058567e-04
5.4750000000e-01 0.0000000000e+00 7.4091862000e-01 3.9373944755e-04
5.5000000000e-01 4.2146848511e-09 7.5430328000e-01 4.0289537845e-04
5.5250000000e-01 2.9802322388e-09 7.6946914000e-01 5.9446866633e-04
5.5500000000e-01 2.9802322388e-09 7.8643267000e-01 4.0806236683e-04
5.5750000000e-01 2.1073424255e-09 8.0228491000e-01 3.9158567606e-04
5.6000000000e-01 3.6500241500e-09 8.1935518000e-01 6.2198638343e-04
5.6250000000e-01 0.0000000000e+00 8.3968595000e-01 6.0749254633e-04
5.6500000000e-01 2.1073424255e-09 8.5943416000e-01 6.9256585452e-04
5.6750000000e-01 2.1073424255e-09 8.8010173000e-01 7.8398304843e-04
5.7000000000e-01 2.1073424255e-09 9.0123264000e-01 6.5288056247e-04
5.7250000000e-01 4.7121609154e-09 9.2077607000e-01 7.8777770826e-04
5.7500000000e-01 3.6500241500e-09 9.3921866000e-01 1.0277015860e-03
5.7750000000e-01 3.6500241500e-09 9.5638276000e-01 7.4289735744e-04
5.8000000000e-01 2.9802322388e-09 9.7132822000e-01 8.0949477130e-04
5.8250000000e-01 2.1073424255e-09 9.8590865000e-01 7.7360712060e-04
5.8500000000e-01 0.0000000000e+00 9.9665927000e-01 9.0526185381e-04
5.8750000000e-01 0.0000000000e+00 1.0049926600e+00 8.6745690616e-04
5.9000000000e-01 2.9802322388e-09 1.0142618000e+00 1.0043411751e-03
5.9250000000e-01 3.6500241500e-09 1.0224308000e+00 5.8903605662e-04
5.9500000000e-01 4.2146848511e-09 1.0296325000e+00 5.9954286336e-04
5.9750000000e-01 2.9802322388e-09 1.0364632000e+00 1.0949747467e-03
6.0000000000e-01 0.0000000000e+00 1.0428549000e+00 1.0238022705e-03
6.0250000000e-01 2.9802322388e-09 1.0494970000e+00 1.1080274275e-03
6.0500000000e-01 2.1073424255e-09 1.0541057000e+00 8.5839162451e-04
6.0750000000e-01 2.1073424255e-09 1.0577705000e+00 4.0788525954e-04
6.1000000000e-01 2.1073424255e-09 1.0609118000e+00 9.3803930408e-04
6.1250000000e-01 4.2146848511e-09 1.0652440000e+00 6.9477639568e-04
6.1500000000e-01 3.6500241500e-09 1.0690227000e+00 1.0480192751e-03
6.1750000000e-01 4.2146848511e-09 1.0726505000e+00 6.9186227313e-04
6.2000000000e-01 2.9802322388e-09 1.0733883000e+00 8.5394850022e-04
6.2250000000e-01 4.7121609154e-09 1.0741005000e+00 1.0204207392e-03
6.2500000000e-01 0.0000000000e+00 1.0747090000e+00 7.8402072676e-04
6.2750000000e-01 3.6500241500e-09 1.0751663000e+00 9.8969482216e-04
6.3000000000e-01 2.1073424255e-09 1.0741618000e+00 4.9058572740e-04
6.3250000000e-01 2.9802322388e-09 1.0732984000e+00 6.0999851146e-04
6.3500000000e-01 4.2146848511e-09 1.0726135000e+00 8.0461494208e-04
6.3750000000e-01 4.2146848511e-09 1.0702221000e+00 1.1576502792e-03
6.4000000000e-01 4.2146848511e-09 1.0691397000e+00 1.0620602907e-03
6.4250000000e-01 2.9802322388e-09 1.0674360000e+00 6.9384793723e-04
6.4500000000e-01 0.0000000000e+00 1.0621008000e+00 6.9257162519e-04
6.4750000000e-01 2.9802322388e-09 1.0590846000e+00 4.0806409298e-04
6.5000000000e-01 4.2146848511e-09 1.0545254000e+00 1.0012534864e-03
6.5250000000e-01 0.0000000000e+00 1.0507032000e+00 7.5691695451e-04
6.5500000000e-01 2.9802322388e-09 1.0490210000e+00 6.4513829523e-04
6.5750000000e-01 4.2146848511e-09 1.0428293000e+00 9.2534082424e-04
6.6000000000e-01 0.0000000000e+00 1.0375670000e+00 8.7864340890e-04
6.6250000000e-01 2.9802322388e-09 1.0320588000e+00 8.8291962037e-04
6.6500000000e-01 0.0000000000e+00 1.0261735000e+00 7.3352583116e-04
6.6750000000e-01 2.9802322388e-09 1.0222838000e+00 7.9192052380e-04
6.7000000000e-01 2.9802322388e-09 1.0153629000e+00 8.3592769366e-04
6.7250000000e-01 5.1619136559e-09 1.0098247000e+00 5.8593926390e-04
6.7500000000e-01 4.2146848511e-09 1.0039315000e+00 6.8268247747e-04
6.7750000000e-01 5.1619136559e-09 9.9767288000e-01 6.9112252545e-04
6.8000000000e-01 4.2146848511e-09 9.9121384000e-01 4.4074238217e-04
6.8250000000e-01 2.9802322388e-09 9.8673398000e-01 5.7220159958e-04
6.8500000000e-01 4.2146848511e-09 9.7944909000e-01 4.3831627013e-04
6.8750000000e-01 0.0000000000e+00 9.7310683000e-01 4.1843705835e-04
6.9000000000e-01 2.9802322388e-09 9.6552733000e-01 6.4021793181e-04
6.9250000000e-01 0.0000000000e+00 9.5895354000e-01 4.0213971411e-04
6.9500000000e-01 4.2146848511e-09 9.5258306000e-01 3.6122796685e-04
6.9750000000e-01 4.2146848511e-09 9.4490502000e-01 7.7243824361e-04
7.0000000000e-01 4.2146848511e-09 9.3787321000e-01 1.0790338642e-03
7.0250000000e-01 5.9604644775e-09 9.3105827000e-01 8.1982914612e-04
7.0500000000e-01 2.9802322388e-09 9.2529683000e-01 7.5087950844e-04
7.0750000000e-01 0.0000000000e+00 9.1747427000e-01 7.4894916971e-04
7.1000000000e-01 4.2146848511e-09 9.1047493000e-01 5.3197488757e-04
7.1250000000e-01 5.1619136559e-09 9.0482290000e-01 5.5316478576e-04
7.1500000000e-01 2.9802322388e-09 8.9615535000e-01 6.1301204477e-04
7.1750000000e-01 4.2146848511e-09 8.8957631000e-01 5.8944763864e-04
7.2000000000e-01 2.9802322388e-09 8.8172844000e-01 5.6081034821e-04
7.2250000000e-01 0.0000000000e+00 8.7543500000e-01 5.0579464431e-04
7.2500000000e-01 4.2146848511e-09 8.6870223000e-01 5.9983712072e-04
7.2750000000e-01 2.9802322388e-09 8.6134688000e-01 6.7254055726e-04
7.3000000000e-01 5.9604644775e-09 8.5488466000e-01 3.7558969241e-04
7.3250000000e-01 4.2146848511e-09 8.4788875000e-01 7.5727773680e-04
7.3500000000e-01 5.9604644775e-09 8.4078200000e-01 8.2319911857e-04
7.3750000000e-01 4.2146848511e-09 8.3458538000e-01 3.2181937349e-04
7.4000000000e-01 4.2146848511e-09 8.2562678000e-01 5.7104978956e-04
7.4250000000e-01 4.2146848511e-09 8.1946348000e-01 5.0584999173e-04
7.4500000000e-01 2.9802322388e-09 8.1370932000e-01 4.7471576353e-04
7.4750000000e-01 4.2146848511e-09 8.0683131000e-01 4.4765260828e-04
7.5000000000e-01 0.0000000000e+00 7.9950205000e-01 5.9450868626e-04
7.5250000000e-01 4.2146848511e-09 7.9356936000e-01 3.2714449138e-04
7.5500000000e-01 4.2146848511e-09 7.8760687000e-01 4.0530979364e-04
7.5750000000e-01 5.1619136559e-09 7.8054126000e-01 4.8809140315e-04
7.6000000000e-01 5.1619136559e-09 7.7375891000e-01 3.2807617730e-04
7.6250000000e-01 5.9604644775e-09 7.6737552000e-01 5.8770698257e-04
7.6500000000e-01 5.1619136559e-09 7.6063226000e-01 2.9756406779e-04
7.6750000000e-01 2.9802322388e-09 7.5498611000e-01 4.0988660444e-04
7.7000000000e-01 4.2146848511e-09 7.4803425000e-01 6.1704148323e-04
7.7250000000e-01 2.9802322388e-09 7.4142800000e-01 5.4079440918e-04
7.7500000000e-01 5.1619136559e-09 7.3532185000e-01 5.2452118856e-04
7.7750000000e-01 0.0000000000e+00 7.2892752000e-01 3.4051655460e-04
7.8000000000e-01 5.1619136559e-09 7.2318785000e-01 4.5757997949e-04
7.8250000000e-01 2.9802322388e-09 7.1731851000e-01 5.3959007523e-04
7.8500000000e-01 2.9802322388e-09 7.1107010000e-01 5.0274417094e-04
7.8750000000e-01 5.1619136559e-09 7.0485511000e-01 4.8342984131e-04
7.9000000000e-01 4.2146848511e-09 6.9936862000e-01 3.7853052794e-04
7.9250000000e-01 0.0000000000e+00 6.9426413000e-01 4.0719583819e-04
7.9500000000e-01 4.2146848511e-09 6.8738403000e-01 6.7484704313e-04
7.9750000000e-01 4.2146848511e-09 6.8150069000e-01 3.8249414048e-04
8.0000000000e-01 5.9604644775e-09 6.7572599000e-01 4.2686907864e-04
8.0250000000e-01 0.0000000000e+00 6.7033602000e-01 4.3779765071e-04
8.0500000000e-01 5.9604644775e-09 6.6522407000e-01 3.9086303870e-04
8.0750000000e-01 5.1619136559e-09 6.5998940000e-01 3.5237657356e-04
8.1000000000e-01 5.1619136559e-09 6.5459741000e-01 3.2227178979e-04
8.1250000000e-01 0.0000000000e+00 6.4839393000e-01 6.1256037972e-04
8.1500000000e-01 7.3000483000e-09 6.4370870000e-01 2.4618054919e-04
8.1750000000e-01 5.1619136559e-09 6.3802497000e-01 4.4222506171e-04
8.2000000000e-01 6.6640018746e-09 6.3260587000e-01 4.7974923431e-04
8.2250000000e-01 2.9802322388e-09 6.2754596000e-01 1.8155505070e-04
8.2500000000e-01 2.9802322388e-09 6.2356271000e-01 3.0072415314e-04
8.2750000000e-01 6.6640018746e-09 6.1820629000e-01 3.9791645213e-04
8.3000000000e-01 5.1619136559e-09 6.1208306000e-01 5.4510339499e-04
8.3250000000e-01 5.1619136559e-09 6.0784495000e-01 4.8063654716e-04
8.3500000000e-01 2.9802322388e-09 6.0257699000e-01 3.1338292312e-04
8.3750000000e-01 6.6640018746e-09 5.9810827000e-01 2.3703332134e-04
8.4000000000e-01 5.1619136559e-09 5.9349022000e-01 2.3578668106e-04
8.4250000000e-01 5.1619136559e-09 5.8796407000e-01 2.4348079763e-04
8.4500000000e-01 2.9802322388e-09 5.8387489000e-01 2.7736138501e-04
8.4750000000e-01 2.9802322388e-09 5.7922728000e-01 3.4336122110e-04
8.5000000000e-01 5.9604644775e-09 5.7489359000e-01 4.9873408133e-04
8.5250000000e-01 0.0000000000e+00 5.7014846000e-01 4.6486388979e-04
8.5500000000e-01 7.8849533530e-09 5.6667910000e-01 4.6219077663e-04
8.5750000000e-01 5.1619136559e-09 5.6120102000e-01 4.1268282054e-04
8.6000000000e-01 4.2146848511e-09 5.5635217000e-01 2.6918763347e-04
8.6250000000e-01 2.9802322388e-09 5.5252423000e-01 2.4977997159e-04
8.6500000000e-01 4.2146848511e-09 5.4758383000e-01 3.1138316977e-04
8.6750000000e-01 4.2146848511e-09 5.4290392000e-01 2.9892595798e-04
8.7000000000e-01 4.2146848511e-09 5.3959281000e-01 2.6145864930e-04
8.7250000000e-01 7.8849533530e-09 5.3549573000e-01 4.5254442678e-04
8.7500000000e-01 0.0000000000e+00 5.3107844000e-01 4.1983313476e-04
8.7750000000e-01 6.6640018746e-09 5.2705479000e-01 2.6000635624e-04
8.8000000000e-01 4.2146848511e-09 5.2316885000e-01 2.6166525458e-04
8.8250000000e-01 6.6640018746e-09 5.1911088000e-01 2.5236606538e-04
8.8500000000e-01 0.0000000000e+00 5.1558746000e-01 2.0752175559e-04
8.8750000000e-01 4.2146848511e-09 5.1188785000e-01 2.5462085706e-04
8.9000000000e-01 4.2146848511e-09 5.0767075000e-01 4.2494613948e-04
8.9250000000e-01 2.9802322388e-09 5.0346750000e-01 1.1920177352e-04
8.9500000000e-01 5.9604644775e-09 4.9964950000e-01 4.3383484000e-04
8.9750000000e-01 5.9604644775e-09 4.9604182000e-01 2.2128468125e-04
9.0000000000e-01 0.0000000000e+00 4.9242514000e-01 1.5402684066e-04
9.0250000000e-01 0.0000000000e+00 4.8868054000e-01 2.8067377227e-04
9.0500000000e-01 4.2146848511e-09 4.8534325000e-01 3.6116442771e-04
9.0750000000e-01 4.2146848511e-09 4.8202891000e-01 3.4859168104e-04
9.1000000000e-01 4.2146848511e-09 4.7846939000e-01 3.3376277156e-04
9.1250000000e-01 5.9604644775e-09 4.7478356000e-01 2.3420044715e-04
9.1500000000e-01 5.9604644775e-09 4.7157144000e-01 2.4898436345e-04
9.1750000000e-01 5.9604644775e-09 4.6753290000e-01 2.7301503291e-04
9.2000000000e-01 4.2146848511e-09 4.6387060000e-01 2.7319665921e-04
9.2250000000e-01 0.0000000000e+00 4.6160255000e-01 3.3149825014e-04
9.2500000000e-01 0.0000000000e+00 4.5823325000e-01 1.9425339702e-04
9.2750000000e-01 4.2146848511e-09 4.5497494000e-01 2.5873048031e-04
9.3000000000e-01 7.3000483000e-09 4.5197487000e-01 3.5730307221e-04
9.3250000000e-01 7.3000483000e-09 4.4893061000e-01 2.3783550426e-04
9.3500000000e-01 5.9604644775e-09 4.4552711000e-01 2.8474500187e-04
9.3750000000e-01 0.0000000000e+00 4.4252721000e-01 3.2341318757e-04
9.4000000000e-01 4.2146848511e-09 4.3949848000e-01 2.7785096934e-04
9.4250000000e-01 0.0000000000e+00 4.3633121000e-01 2.4305594601e-04
9.4500000000e-01 5.9604644775e-09 4.3299056000e-01 2.5617993880e-04
9.4750000000e-01 5.9604644775e-09 4.2991475000e-01 2.0483548094e-04
9.5000000000e-01 0.0000000000e+00 4.2715706000e-01 2.3150471191e-04
9.5250000000e-01 4.2146848511e-09 4.2400036000e-01 2.1064369691e-04
9.5500000000e-01 4.2146848511e-09 4.2136100000e-01 3.0840382746e-04
9.5750000000e-01 9.4243218308e-09 4.1857279000e-01 2.9720799668e-04
9.6000000000e-01 5.9604644775e-09 4.1555461000e-01 3.9685547431e-04
9.6250000000e-01 4.2146848511e-09 4.1279757000e-01 2.2102845203e-04
9.6500000000e-01 5.9604644775e-09 4.0997741000e-01 2.6441714902e-04
9.6750000000e-01 4.2146848511e-09 4.0742818000e-01 2.7985546584e-04
9.7000000000e-01 0.0000000000e+00 4.0439461000e-01 2.3883659286e-04
9.7250000000e-01 7.3000483000e-09 4.0140327000e-01 3.0674754965e-04
9.7500000000e-01 4.2146848511e-09 3.9934227000e-01 1.2537459157e-04
9.7750000000e-01 7.3000483000e-09 3.9635121000e-01 1.9705647538e-04
9.8000000000e-01 7.3000483000e-09 3.9413563000e-01 3.5749079737e-04
9.8250000000e-01 0.0000000000e+00 3.9130913000e-01 3.9132450065e-04
9.8500000000e-01 0.0000000000e+00 3.8871446000e-01 2.4862828608e-04
9.8750000000e-01 0.0000000000e+00 3.8587130000e-01 1.9305450577e-04
9.9000000000e-01 0.0000000000e+00 3.8398193000e-01 2.3215349579e-04
9.9250000000e-01 4.2146848511e-09 3.8119953000e-01 2.4361060447e-04
9.9500000000e-01 4.2146848511e-09 3.7879969000e-01 1.9762856700e-04
9.9750000000e-01 7.3000483000e-09 3.7651913000e-01 1.5674297498e-04
1.0000000000e+00 0.0000000000e+00 3.7420307000e-01 2.4941993187e-04
