2.0000000000e-01 1.4901161194e-09 2.1111616000e-01 3.0823884220e-04
2.0500000000e-01 1.6660004687e-09 2.1898926000e-01 2.7333574819e-04
2.1000000000e-01 1.2904784140e-09 2.2760490000e-01 2.4667650313e-04
2.1500000000e-01 1.0536712128e-09 2.3702036000e-01 3.1402118024e-04
2.2000000000e-01 1.0536712128e-09 2.4623622000e-01 3.5720671237e-04
2.2500000000e-01 0.0000000000e+00 2.5622329000e-01 3.3190506969e-04
2.3000000000e-01 1.0536712128e-09 2.6628757000e-01 3.4157880615e-04
2.3500000000e-01 1.0536712128e-09 2.7689696000e-01 2.6393470412e-04
2.4000000000e-01 1.4901161194e-09 2.8800368000e-01 4.0847206998e-04
2.4500000000e-01 1.8250120750e-09 2.9928142000e-01 4.1665957010e-04
2.5000000000e-01 0.0000000000e+00 3.1149295000e-01 4.9982563564e-04
2.5500000000e-01 1.8250120750e-09 3.2263767000e-01 2.9497967830e-04
2.6000000000e-01 1.4901161194e-09 3.3494805000e-01 3.9853389398e-04
2.6500000000e-01 2.3560804577e-09 3.4765152000e-01 4.3668505191e-04
2.7000000000e-01 1.0536712128e-09 3.5989786000e-01 4.1358557184e-04
2.7500000000e-01 2.1073424255e-09 3.7244321000e-01 4.1992532228e-04
2.8000000000e-01 1.8250120750e-09 3.8399975000e-01 8.5825489841e-04
2.8500000000e-01 1.0536712128e-09 3.9628757000e-01 6.5604080239e-04
2.9000000000e-01 1.4901161194e-09 4.0691384000e-01 7.2082364184e-04
2.9500000000e-01 1.4901161194e-09 4.1556973000e-01 4.9040455423e-04
3.0000000000e-01 0.0000000000e+00 4.2293743000e-01 5.3570199721e-04
3.0500000000e-01 1.0536712128e-09 4.2946146000e-01 7.9393857359e-04
3.1000000000e-01 1.4901161194e-09 4.3318609000e-01 7.0392788316e-04
3.1500000000e-01 1.0536712128e-09 4.3442011000e-01 4.3905933277e-04
3.2000000000e-01 2.1073424255e-09 4.3517509000e-01 7.3368088655e-04
3.2500000000e-01 2.1073424255e-09 4.3365009000e-01 1.0182408918e-03
3.3000000000e-01 0.0000000000e+00 4.3213342000e-01 2.8094625493e-04
3.3500000000e-01 1.4901161194e-09 4.2807333000e-01 3.6366753994e-04
3.4000000000e-01 2.1073424255e-09 4.2358093000e-01 5.4819858757e-04
3.4500000000e-01 1.4901161194e-09 4.1830910000e-01 5.8224825805e-04
3.5000000000e-01 2.1073424255e-09 4.1466781000e-01 4.9180410581e-04
3.5500000000e-01 2.1073424255e-09 4.1065492000e-01 3.6113860907e-04
3.6000000000e-01 1.4901161194e-09 4.0761313000e-01 7.0225155494e-04
3.6500000000e-01 2.9802322388e-09 4.0332264000e-01 5.7975216691e-04
3.7000000000e-01 2.1073424255e-09 4.0014299000e-01 4.5142610147e-04
3.7500000000e-01 0.0000000000e+00 3.9855184000e-01 5.2653392829e-04
3.8000000000e-01 2.5809568280e-09 3.9727235000e-01 5.7374258448e-04
3.8500000000e-01 2.1073424255e-09 3.9656984000e-01 4.1324581842e-04
3.9000000000e-01 2.5809568280e-09 3.9716226000e-01 3.8846139222e-04
3.9500000000e-01 2.1073424255e-09 3.9893451000e-01 4.0233141524e-04
4.0000000000e-01 2.9802322388e-09 3.9956068000e-01 5.5064002103e-04
4.0500000000e-01 2.5809568280e-09 4.0093286000e-01 4.0998855939e-04
4.1000000000e-01 3.3320009373e-09 4.0460012000e-01 6.5422726339e-04
4.1500000000e-01 2.5809568280e-09 4.0838503000e-01 4.9114572115e-04
4.2000000000e-01 2.5809568280e-09 4.1335517000e-01 7.0116500256e-04
4.2500000000e-01 2.9802322388e-09 4.1683449000e-01 6.5970236917e-04
4.3000000000e-01 2.1073424255e-09 4.2278670000e-01 5.8154795417e-04
4.3500000000e-01 2.1073424255e-09 4.2823024000e-01 6.0824058402e-04
4.4000000000e-01 2.1073424255e-09 4.3426772000e-01 5.8721362974e-04
4.4500000000e-01 2.1073424255e-09 4.4119803000e-01 6.5716909058e-04
4.5000000000e-01 0.0000000000e+00 4.4883504000e-01 5.6567322938e-04
4.5500000000e-01 2.1073424255e-09 4.5653027000e-01 6.4061346427e-04
4.6000000000e-01 2.1073424255e-09 4.6498478000e-01 4.9498605916e-04
4.6500000000e-01 3.6500241500e-09 4.7386224000e-01 5.8075579398e-04
4.7000000000e-01 2.1073424255e-09 4.8335696000e-01 8.3241808296e-04
4.7500000000e-01 0.0000000000e+00 4.9273340000e-01 6.1977690615e-04
4.8000000000e-01 2.9802322388e-09 5.0352882000e-01 5.9202630141e-04
4.8500000000e-01 0.0000000000e+00 5.1451233000e-01 9.3436036293e-04
4.9000000000e-01 3.6500241500e-09 5.2413999000e-01 8.6350006537e-04
4.9500000000e-01 0.0000000000e+00 5.3670061000e-01 6.6803564881e-04
5.0000000000e-01 0.0000000000e+00 5.4761000000e-01 6.2387948148e-04
5.0500000000e-01 0.0000000000e+00 5.6175961000e-01 5.6695846151e-04
5.1000000000e-01 3.6500241500e-09 5.7629865000e-01 9.1979257610e-04
5.1500000000e-01 2.1073424255e-09 5.9006564000e-01 8.5904630518e-04
5.2000000000e-01 2.9802322388e-09 6.0396538000e-01 1.0716192078e-03
5.2500000000e-01 3.6500241500e-09 6.2040484000e-01 8.6355427625e-04
5.3000000000e-01 4.7121609154e-09 6.3878969000e-01 1.2818558550e-03
5.3500000000e-01 2.1073424255e-09 6.5597471000e-01 6.4253366051e-04
5.4000000000e-01 2.1073424255e-09 6.7411348000e-01 1.2668013965e-03
5.4500000000e-01 2.1073424255e-09 6.9319071000e-01 9.3401769153e-04
5.5000000000e-01 4.2146848511e-09 7.1305035000e-01 9.6632096420e-04
5.5500000000e-01 2.9802322388e-09 7.3326336000e-01 8.8797072264e-04
5.6000000000e-01 3.6500241500e-09 7.5586278000e-01 9.0604409538e-04
5.6500000000e-01 2.1073424255e-09 7.7722273000e-01 5.5191602026e-04
5.7000000000e-01 2.1073424255e-09 8.0248211000e-01 5.7125103109e-04
5.7500000000e-01 3.6500241500e-09 8.2774648000e-01 7.1874410395e-04
5.8000000000e-01 2.9802322388e-09 8.5181498000e-01 7.1856294906e-04
5.8500000000e-01 0.0000000000e+00 8.7658207000e-01 1.4626427820e-03
5.9000000000e-01 2.9802322388e-09 9.0561023000e-01 1.5115499642e-03
5.9500000000e-01 4.2146848511e-09 9.3319235000e-01 8.1678698975e-04
6.0000000000e-01 0.0000000000e+00 9.6299484000e-01 1.0974207864e-03
6.0500000000e-01 2.1073424255e-09 9.9164221000e-01 1.2926564457e-03
6.1000000000e-01 2.1073424255e-09 1.0162334000e+00 1.2989843663e-03
6.1500000000e-01 3.6500241500e-09 1.0418385000e+00 1.8305901248e-03
6.2000000000e-01 2.9802322388e-09 1.0677056000e+00 1.6980604006e-03
6.2500000000e-01 0.0000000000e+00 1.0886894000e+00 1.4352671194e-03
6.3000000000e-01 2.1073424255e-09 1.1071703000e+00 1.8175956814e-03
6.3500000000e-01 4.2146848511e-09 1.1214303000e+00 2.3365004346e-03
6.4000000000e-01 4.2146848511e-09 1.1318137000e+00 1.1952311496e-03
6.4500000000e-01 0.0000000000e+00 1.1395126000e+00 1.2248355824e-03
6.5000000000e-01 4.2146848511e-09 1.1413325000e+00 1.4266874237e-03
6.5500000000e-01 2.9802322388e-09 1.1389650000e+00 1.5112090392e-03
6.6000000000e-01 0.0000000000e+00 1.1317011000e+00 1.6951982742e-03
6.6500000000e-01 0.0000000000e+00 1.1213564000e+00 1.0465604541e-03
6.7000000000e-01 2.9802322388e-09 1.1081949000e+00 2.1067039396e-03
6.7500000000e-01 4.2146848511e-09 1.0933849000e+00 1.2700200427e-03
6.8000000000e-01 4.2146848511e-09 1.0749160000e+00 9.1727790773e-04
6.8500000000e-01 4.2146848511e-09 1.0557711000e+00 1.7611612388e-03
6.9000000000e-01 2.9802322388e-09 1.0362829000e+00 1.8493560309e-03
6.9500000000e-01 4.2146848511e-09 1.0179178000e+00 1.8282497685e-03
7.0000000000e-01 4.2146848511e-09 9.9612339000e-01 9.8832866642e-04
7.0500000000e-01 2.9802322388e-09 9.7627078000e-01 8.7987253813e-04
7.1000000000e-01 4.2146848511e-09 9.5353946000e-01 1.8380789376e-03
7.1500000000e-01 2.9802322388e-09 9.3538354000e-01 1.4703326406e-03
7.2000000000e-01 2.9802322388e-09 9.1722771000e-01 7.1130899592e-04
7.2500000000e-01 4.2146848511e-09 8.9924588000e-01 1.1661686863e-03
7.3000000000e-01 5.9604644775e-09 8.8147898000e-01 9.5414942507e-04
7.3500000000e-01 5.9604644775e-09 8.6325916000e-01 8.5142087468e-04
7.4000000000e-01 4.2146848511e-09 8.4512855000e-01 1.7055896205e-03
7.4500000000e-01 2.9802322388e-09 8.2711447000e-01 1.3500405613e-03
7.5000000000e-01 0.0000000000e+00 8.1317538000e-01 7.6978923255e-04
7.5500000000e-01 4.2146848511e-09 7.9479338000e-01 9.2546080844e-04
7.6000000000e-01 5.1619136559e-09 7.8275410000e-01 7.1654990922e-04
7.6500000000e-01 5.1619136559e-09 7.6760752000e-01 9.5483921043e-04
7.7000000000e-01 4.2146848511e-09 7.5343597000e-01 1.3869725374e-03
7.7500000000e-01 5.1619136559e-09 7.4101594000e-01 8.8299683819e-04
7.8000000000e-01 5.1619136559e-09 7.2805799000e-01 6.2699363481e-04
7.8500000000e-01 2.9802322388e-09 7.1628924000e-01 6.9080398959e-04
7.9000000000e-01 4.2146848511e-09 7.0269242000e-01 1.3191606086e-03
7.9500000000e-01 4.2146848511e-09 6.8959804000e-01 8.9018915317e-04
8.0000000000e-01 5.9604644775e-09 6.7797322000e-01 8.0666333669e-04
8.0500000000e-01 5.9604644775e-09 6.6622599000e-01 1.2052735311e-03
8.1000000000e-01 5.1619136559e-09 6.5736320000e-01 9.8033358211e-04
8.1500000000e-01 7.3000483000e-09 6.4473001000e-01 9.0635681477e-04
8.2000000000e-01 6.6640018746e-09 6.3405636000e-01 1.0021200558e-03
8.2500000000e-01 2.9802322388e-09 6.2275983000e-01 4.5153015405e-04
8.3000000000e-01 5.1619136559e-09 6.1146008000e-01 8.3106068633e-04
8.3500000000e-01 2.9802322388e-09 6.0225252000e-01 7.8124439809e-04
8.4000000000e-01 5.1619136559e-09 5.9304589000e-01 7.0900789650e-04
8.4500000000e-01 2.9802322388e-09 5.8399884000e-01 5.9298400926e-04
8.5000000000e-01 5.9604644775e-09 5.7430861000e-01 8.8407768396e-04
8.5500000000e-01 7.8849533530e-09 5.6528234000e-01 7.1435103475e-04
8.6000000000e-01 4.2146848511e-09 5.5684223000e-01 7.3564665773e-04
8.6500000000e-01 4.2146848511e-09 5.4805782000e-01 7.3592711185e-04
8.7000000000e-01 4.2146848511e-09 5.3938128000e-01 5.5305049259e-04
8.7500000000e-01 0.0000000000e+00 5.3161561000e-01 7.4645407126e-04
8.8000000000e-01 4.2146848511e-09 5.2386604000e-01 1.0282352618e-03
8.8500000000e-01 0.0000000000e+00 5.1497773000e-01 4.4418568055e-04
8.9000000000e-01 4.2146848511e-09 5.0811043000e-01 6.7231212856e-04
8.9500000000e-01 5.9604644775e-09 5.0069049000e-01 5.8527193858e-04
9.0000000000e-01 0.0000000000e+00 4.9283910000e-01 9.3480771349e-04
9.0500000000e-01 4.2146848511e-09 4.8492515000e-01 7.6645253346e-04
9.1000000000e-01 4.2146848511e-09 4.7845641000e-01 6.3727708345e-04
9.1500000000e-01 5.9604644775e-09 4.7130655000e-01 6.3826845202e-04
9.2000000000e-01 4.2146848511e-09 4.6501438000e-01 4.3593020630e-04
9.2500000000e-01 0.0000000000e+00 4.5764322000e-01 4.3620739146e-04
9.3000000000e-01 7.3000483000e-09 4.5137261000e-01 5.7496231433e-04
9.3500000000e-01 5.9604644775e-09 4.4468948000e-01 4.3214324240e-04
9.4000000000e-01 4.2146848511e-09 4.3783704000e-01 7.6200126971e-04
9.4500000000e-01 5.9604644775e-09 4.3321293000e-01 7.1880094380e-04
9.5000000000e-01 0.0000000000e+00 4.2720887000e-01 5.9093864115e-04
9.5500000000e-01 4.2146848511e-09 4.2148083000e-01 7.0834284595e-04
9.6000000000e-01 5.9604644775e-09 4.1569966000e-01 5.9682595959e-04
9.6500000000e-01 5.9604644775e-09 4.1000882000e-01 5.5768383405e-04
9.7000000000e-01 0.0000000000e+00 4.0508786000e-01 5.6830491695e-04
9.7500000000e-01 4.2146848511e-09 3.9913834000e-01 4.8860337907e-04
9.8000000000e-01 7.3000483000e-09 3.9373933000e-01 5.1809089744e-04
9.8500000000e-01 0.0000000000e+00 3.8873312000e-01 6.2839946305e-04
9.9000000000e-01 0.0000000000e+00 3.8405008000e-01 5.2415858646e-04
9.9500000000e-01 4.2146848511e-09 3.7949320000e-01 5.4659749121e-04
1.0000000000e+00 0.0000000000e+00 3.7395647000e-01 6.8104655201e-04
